   0.000000000000000E+00   7.054262094260501E+01   6.600000000000003E-01   7.823788420394419E+01   7.828962935407742E+01   3.419046621805883E+03   6.998089264702795E+00   1.000000000000000E+00   1.000000000000000E-01   0.000000000000000E+00
   1.000000000000000E-02   7.061425362365888E+01   6.600000000000003E-01   7.823669332236062E+01   7.828897661972607E+01   3.422518501258270E+03   6.998089264702795E+00   1.000000000000000E+00   1.000000000000000E-01   0.000000000000000E+00
   2.000000000000000E-02   7.083003240682703E+01   6.600000000000003E-01   7.823312453950042E+01   7.828701361023001E+01   3.432976827158137E+03   6.998089264702795E+00   1.000000000000000E+00   1.000000000000000E-01   0.000000000000000E+00
   3.000000000000001E-02   7.119278311948911E+01   6.600000000000003E-01   7.822717851516090E+01   7.828374069381869E+01   3.450558561180949E+03   6.998089264702795E+00   1.000000000000000E+00   1.000000000000000E-01   0.000000000000000E+00
   4.000000000000002E-02   7.170734291823179E+01   6.600000000000003E-01   7.821885634802011E+01   7.827915789634663E+01   3.475498149731815E+03   6.998089264702795E+00   1.000000000000000E+00   1.000000000000000E-01   0.000000000000000E+00
   5.000000000000003E-02   7.238071104492938E+01   6.600000000000003E-01   7.820815957513740E+01   7.827326525406505E+01   3.508134830763137E+03   6.998089264702795E+00   1.000000000000000E+00   1.000000000000000E-01   0.000000000000000E+00
   6.000000000000004E-02   7.322229337091792E+01   6.600000000000003E-01   7.819509017138064E+01   7.826606281388126E+01   3.548924486296120E+03   6.998089264702795E+00   1.000000000000000E+00   1.000000000000000E-01   0.000000000000000E+00
   7.000000000000005E-02   7.424424357188158E+01   6.600000000000003E-01   7.817965054839365E+01   7.825755063349543E+01   3.598456178421673E+03   6.998089264702795E+00   1.000000000000000E+00   1.000000000000000E-01   0.000000000000000E+00
   8.000000000000006E-02   7.546192487032957E+01   6.600000000000003E-01   7.816184355353634E+01   7.824772878184521E+01   3.657474528948824E+03   6.998089264702795E+00   1.000000000000000E+00   1.000000000000000E-01   0.000000000000000E+00
   9.000000000000007E-02   7.689452665200410E+01   6.600000000000003E-01   7.814167246855887E+01   7.823659733940190E+01   3.726909605454029E+03   6.998089264702795E+00   1.000000000000000E+00   1.000000000000000E-01   0.000000000000000E+00
   1.000000000000001E-01   7.856588491398658E+01   6.600000000000003E-01   7.811914100813627E+01   7.822415639862463E+01   3.807916686607251E+03   6.998089264702795E+00   1.000000000000000E+00   1.000000000000000E-01   0.000000000000000E+00
   1.100000000000001E-01   8.050557673926953E+01   6.600000000000003E-01   7.809425331816792E+01   7.821040606447293E+01   3.901929308961812E+03   6.998089264702795E+00   1.000000000000000E+00   1.000000000000000E-01   0.000000000000000E+00
   1.200000000000001E-01   8.275039048320734E+01   6.600000000000003E-01   7.806701397387704E+01   7.819534645490950E+01   4.010730523677646E+03   6.998089264702795E+00   1.000000000000000E+00   1.000000000000000E-01   0.000000000000000E+00
   1.300000000000001E-01   8.534632108806859E+01   6.600000000000003E-01   7.803742797767923E+01   7.817897770153206E+01   4.136549605055620E+03   6.998089264702795E+00   1.000000000000000E+00   1.000000000000000E-01   0.000000000000000E+00
   1.400000000000001E-01   8.835131393409054E+01   6.600000000000003E-01   7.800550075702745E+01   7.816129995023734E+01   4.282195038999758E+03   6.998089264702795E+00   1.000000000000000E+00   1.000000000000000E-01   0.000000000000000E+00
   1.500000000000001E-01   9.183909811754582E+01   6.600000000000003E-01   7.797123816181826E+01   7.814231336188604E+01   4.451240313625050E+03   6.998089264702795E+00   1.000000000000000E+00   1.000000000000000E-01   0.000000000000000E+00
   1.600000000000001E-01   9.590464151919136E+01   6.600000000000003E-01   7.793464646179567E+01   7.812201811311134E+01   4.648288314499739E+03   6.998089264702795E+00   1.000000000000000E+00   1.000000000000000E-01   0.000000000000000E+00
   1.700000000000001E-01   1.006720812671603E+02   6.600000000000003E-01   7.789573234376812E+01   7.810041439714470E+01   4.879355696844639E+03   6.998089264702795E+00   1.000000000000000E+00   1.000000000000000E-01   0.000000000000000E+00
   1.800000000000001E-01   1.063065408816217E+02   6.600000000000003E-01   7.785450290849258E+01   7.807750216219431E+01   5.152445636701002E+03   6.998089264702795E+00   1.000000000000000E+00   1.000000000000000E-01   0.000000000000000E+00
   1.900000000000001E-01   1.130322426083752E+02   6.600000000000003E-01   7.781096566752058E+01   7.805328150378450E+01   5.478425696143929E+03   6.998089264702795E+00   1.000000000000000E+00   1.000000000000000E-01   0.000000000000000E+00
   2.000000000000001E-01   1.211612080587255E+02   6.600000000000003E-01   7.776512853984688E+01   7.802775306798158E+01   5.872418880553828E+03   6.998089264702795E+00   1.000000000000000E+00   1.000000000000000E-01   0.000000000000000E+00
   2.100000000000002E-01   1.311405443591991E+02   6.600000000000003E-01   7.771699984832044E+01   7.800091712280897E+01   6.356095494919479E+03   6.998089264702795E+00   1.000000000000000E+00   1.000000000000000E-01   0.000000000000000E+00
   2.200000000000002E-01   1.436340335881034E+02   6.600000000000003E-01   7.766658831590647E+01   7.797277395847809E+01   6.961627605463093E+03   6.998089264702795E+00   1.000000000000000E+00   1.000000000000000E-01   0.000000000000000E+00
   2.300000000000002E-01   1.596710638068823E+02   6.600000000000003E-01   7.761390306186387E+01   7.794332388779623E+01   7.738907401147562E+03   6.998089264702795E+00   1.000000000000000E+00   1.000000000000000E-01   0.000000000000000E+00
   2.400000000000002E-01   1.809380859171641E+02   6.600000000000003E-01   7.755895359763225E+01   7.791256724732447E+01   8.769673470375281E+03   6.998089264702795E+00   1.000000000000000E+00   1.000000000000000E-01   0.000000000000000E+00
   2.500000000000002E-01   2.104019395731769E+02   6.600000000000003E-01   7.750174982262278E+01   7.788050439857614E+01   1.019772204529194E+04   6.998089264702795E+00   1.000000000000000E+00   1.000000000000000E-01   0.000000000000000E+00
   2.600000000000002E-01   2.538092460243068E+02   6.600000000000003E-01   7.744230201986667E+01   7.784713572990005E+01   1.230157929499889E+04   6.998089264702795E+00   1.000000000000000E+00   1.000000000000000E-01   0.000000000000000E+00
   2.700000000000002E-01   3.239380840850512E+02   6.600000000000003E-01   7.738062085140820E+01   7.781246165488545E+01   1.570057076510383E+04   6.998089264702795E+00   1.000000000000000E+00   1.000000000000000E-01   0.000000000000000E+00
   2.800000000000002E-01   4.560955982934675E+02   6.600000000000003E-01   7.731671735373854E+01   7.777648262029111E+01   2.210595656538739E+04   6.998089264702795E+00   1.000000000000000E+00   1.000000000000000E-01   0.000000000000000E+00
   2.900000000000002E-01   7.969413940246395E+02   6.600000000000003E-01   7.725060293283560E+01   7.773919909807599E+01   3.862600715153686E+04   6.998089264702795E+00   1.000000000000000E+00   1.000000000000000E-01   0.000000000000000E+00
   3.000000000000002E-01   3.682729148854834E+03   6.600000000000003E-01   7.718228935900177E+01   7.770061172012471E+01   1.784938309233339E+05   6.998089264702795E+00   1.000000000000000E+00   1.000000000000000E-01   0.000000000000000E+00
   3.100000000000002E-01   1.377895817567784E+03   6.600000000000003E-01  -9.545632829695747E+01   4.312003132542201E+06   6.678359801925473E+04   6.998089264702795E+00   1.000000000000000E+00   1.000000000000000E-01   0.000000000000000E+00
   3.200000000000002E-01   6.046473989846670E+02   6.600000000000003E-01  -9.474985710520079E+01   1.597478134314916E+07   2.930593759146339E+04   6.998089264702795E+00   1.000000000000000E+00   1.000000000000000E-01   0.000000000000000E+00
   3.300000000000002E-01   3.970718075574428E+02   6.600000000000003E-01  -9.405471609989638E+01   2.842476348666489E+09   1.924520246204360E+04   6.998089264702795E+00   1.000000000000000E+00   1.000000000000000E-01   0.000000000000000E+00
   3.400000000000002E-01   3.005307629069227E+02   6.600000000000003E-01  -9.337063218157184E+01   4.777706847805597E+06   1.456606907902783E+04   6.998089264702795E+00   1.000000000000000E+00   1.000000000000000E-01   0.000000000000000E+00
   3.500000000000003E-01   2.446541661516660E+02   6.600000000000003E-01  -9.269734145038291E+01   1.090562492609123E+06   1.185785258775926E+04   6.998089264702795E+00   1.000000000000000E+00   1.000000000000000E-01   0.000000000000000E+00
   3.600000000000003E-01   2.081723176632177E+02   6.600000000000003E-01  -9.203458827880681E+01   4.694715154451736E+05   1.008965714555774E+04   6.998089264702795E+00   1.000000000000000E+00   1.000000000000000E-01   0.000000000000000E+00
   3.700000000000003E-01   1.824500083848455E+02   6.600000000000003E-01  -9.138212493794248E+01   2.596172145128360E+05   8.842953047125971E+03   6.998089264702795E+00   1.000000000000000E+00   1.000000000000000E-01   0.000000000000000E+00
   3.800000000000003E-01   1.633178427931457E+02   6.600000000000003E-01  -9.073971136990502E+01   1.643923263421858E+05   7.915658806281780E+03   6.998089264702795E+00   1.000000000000000E+00   1.000000000000000E-01   0.000000000000000E+00
   3.900000000000003E-01   1.485155636898327E+02   6.600000000000003E-01  -9.010711491522883E+01   1.133579042093707E+05   7.198224697838506E+03   6.998089264702795E+00   1.000000000000000E+00   1.000000000000000E-01   0.000000000000000E+00
   4.000000000000003E-01   1.367114216547037E+02   6.600000000000003E-01  -8.948411002080825E+01   8.290023914857682E+04   6.626103738775170E+03   6.998089264702795E+00   1.000000000000000E+00   1.000000000000000E-01   0.000000000000000E+00
   4.100000000000003E-01   1.270697059502308E+02   6.600000000000003E-01  -8.887047797301388E+01   6.329878034941965E+04   6.158790856615425E+03   6.998089264702795E+00   1.000000000000000E+00   1.000000000000000E-01   0.000000000000000E+00
   4.200000000000003E-01   1.190394092413518E+02   6.600000000000003E-01  -8.826600664947705E+01   4.995926271780216E+04   5.769579930402034E+03   6.998089264702795E+00   1.000000000000000E+00   1.000000000000000E-01   0.000000000000000E+00
   4.300000000000003E-01   1.122424639354852E+02   6.600000000000003E-01  -8.767049024206906E+01   4.048206446578450E+04   5.440146850427161E+03   6.998089264702795E+00   1.000000000000000E+00   1.000000000000000E-01   0.000000000000000E+00
   4.400000000000003E-01   1.064108003292946E+02   6.600000000000003E-01  -8.708372906151696E+01   3.351500562211505E+04   5.157498864205087E+03   6.998089264702795E+00   1.000000000000000E+00   1.000000000000000E-01   0.000000000000000E+00
   4.500000000000003E-01   1.013490326276088E+02   6.600000000000003E-01  -8.650552930966361E+01   2.824924168605926E+04   4.912166049382457E+03   6.998089264702795E+00   1.000000000000000E+00   1.000000000000000E-01   0.000000000000000E+00
   4.600000000000004E-01   9.691137178502909E+01   6.600000000000003E-01  -8.593570284191819E+01   2.417700590834226E+04   4.697082329642483E+03   6.998089264702795E+00   1.000000000000000E+00   1.000000000000000E-01   0.000000000000000E+00
   4.700000000000004E-01   9.298681447022020E+01   6.600000000000003E-01  -8.537406695303963E+01   2.096657368093791E+04   4.506867616182965E+03   6.998089264702795E+00   1.000000000000000E+00   1.000000000000000E-01   0.000000000000000E+00
   4.800000000000004E-01   8.948934178346312E+01   6.600000000000003E-01  -8.482044422532485E+01   1.839384734589454E+04   4.337352760982951E+03   6.998089264702795E+00   1.000000000000000E+00   1.000000000000000E-01   0.000000000000000E+00
   4.900000000000004E-01   8.635125611049196E+01   6.600000000000003E-01  -8.427466230745635E+01   1.630305321124341E+04   4.185256608674706E+03   6.998089264702795E+00   1.000000000000000E+00   1.000000000000000E-01   0.000000000000000E+00
   5.000000000000003E-01   8.351854313584788E+01   6.600000000000003E-01  -8.373655374220938E+01   1.458321185949313E+04   4.047961203470204E+03   6.998089264702795E+00   1.000000000000000E+00   1.000000000000000E-01   0.000000000000000E+00
   5.100000000000003E-01   8.094757544892235E+01   6.600000000000003E-01  -8.320595579453664E+01   1.315354247525064E+04   3.923352020152409E+03   6.998089264702795E+00   1.000000000000000E+00   1.000000000000000E-01   0.000000000000000E+00
   5.200000000000004E-01   7.860272575685345E+01   6.600000000000003E-01  -8.268271029902166E+01   1.195412606733676E+04   3.809702281722166E+03   6.998089264702795E+00   1.000000000000000E+00   1.000000000000000E-01   0.000000000000000E+00
   5.300000000000004E-01   7.645460971084309E+01   6.600000000000003E-01  -8.216666345107397E+01   1.093976916290208E+04   3.705587793031219E+03   6.998089264702795E+00   1.000000000000000E+00   1.000000000000000E-01   0.000000000000000E+00
   5.400000000000004E-01   7.447877256174539E+01   6.600000000000003E-01  -8.165766572976889E+01   1.007587329588255E+04   3.609823285849702E+03   6.998089264702795E+00   1.000000000000000E+00   1.000000000000000E-01   0.000000000000000E+00
   5.500000000000004E-01   7.265469430805572E+01   6.600000000000003E-01  -8.115557170331633E+01   9.335594952270278E+03   3.521414200564062E+03   6.998089264702795E+00   1.000000000000000E+00   1.000000000000000E-01   0.000000000000000E+00
   5.600000000000004E-01   7.096502667193083E+01   6.600000000000003E-01  -8.066023990160886E+01   8.697855065776132E+03   3.439519704072813E+03   6.998089264702795E+00   1.000000000000000E+00   1.000000000000000E-01   0.000000000000000E+00
   5.700000000000004E-01   6.939500110076641E+01   6.600000000000003E-01  -8.017153268221722E+01   8.145919751853859E+03   3.363423996917192E+03   6.998089264702795E+00   1.000000000000000E+00   1.000000000000000E-01   0.000000000000000E+00
   5.800000000000004E-01   6.793196470487129E+01   6.600000000000003E-01  -7.968931610472974E+01   7.666372437769981E+03   3.292513821194714E+03   6.998089264702795E+00   1.000000000000000E+00   1.000000000000000E-01   0.000000000000000E+00
   5.900000000000004E-01   6.656501317448986E+01   6.600000000000003E-01  -7.921345979608384E+01   7.248358717982342E+03   3.226260668849758E+03   6.998089264702795E+00   1.000000000000000E+00   1.000000000000000E-01   0.000000000000000E+00
   6.000000000000004E-01   6.528469809166737E+01   6.600000000000003E-01  -7.874383690759743E+01   6.883024436976281E+03   3.164206595719515E+03   6.998089264702795E+00   1.000000000000000E+00   1.000000000000000E-01   0.000000000000000E+00
   6.100000000000004E-01   6.408280043201393E+01   6.600000000000003E-01  -7.828032375780303E+01   6.563092483017401E+03   3.105953243659660E+03   6.998089264702795E+00   1.000000000000000E+00   1.000000000000000E-01   0.000000000000000E+00
   6.200000000000004E-01   6.295213262620770E+01   6.600000000000003E-01  -7.782280007099912E+01   6.282540449048352E+03   3.051152246898116E+03   6.998089264702795E+00   1.000000000000000E+00   1.000000000000000E-01   0.000000000000000E+00
   6.300000000000004E-01   6.188634130909903E+01   6.600000000000003E-01  -7.737114864330309E+01   6.036352722885246E+03   2.999495671715359E+03   6.998089264702795E+00   1.000000000000000E+00   1.000000000000000E-01   0.000000000000000E+00
   6.400000000000005E-01   6.087983500451865E+01   6.600000000000003E-01  -7.692525529937032E+01   5.820328047673514E+03   2.950712511485153E+03   6.998089264702795E+00   1.000000000000000E+00   1.000000000000000E-01   0.000000000000000E+00
   6.500000000000005E-01   5.992766232462209E+01   6.600000000000003E-01  -7.648500879485515E+01   5.630928689188470E+03   2.904562783263047E+03   6.998089264702795E+00   1.000000000000000E+00   1.000000000000000E-01   0.000000000000000E+00
   6.600000000000005E-01   5.902541934468558E+01   6.600000000000003E-01  -7.605030072287400E+01   5.465161396834252E+03   2.860833038445232E+03   6.998089264702795E+00   1.000000000000000E+00   1.000000000000000E-01   0.000000000000000E+00
   6.700000000000005E-01   5.816917504556589E+01   6.600000000000003E-01  -7.562102542420492E+01   5.320482640228171E+03   2.819332749127549E+03   6.998089264702795E+00   1.000000000000000E+00   1.000000000000000E-01   0.000000000000000E+00
   6.800000000000005E-01   5.735540939037279E+01   6.600000000000003E-01  -7.519707990082104E+01   5.194722703348651E+03   2.779891306817186E+03   6.998089264702795E+00   1.000000000000000E+00   1.000000000000000E-01   0.000000000000000E+00
   6.900000000000005E-01   5.658096114537930E+01   6.600000000000003E-01  -7.477836373269118E+01   5.086024456081855E+03   2.742355493426258E+03   6.998089264702795E+00   1.000000000000000E+00   1.000000000000000E-01   0.000000000000000E+00
   7.000000000000005E-01   5.584298270343858E+01   6.600000000000003E-01  -7.436477910016325E+01   4.992793672098049E+03   2.706587291661600E+03   6.998089264702795E+00   1.000000000000000E+00   1.000000000000000E-01   0.000000000000000E+00
   7.100000000000005E-01   5.513890089870110E+01   6.600000000000003E-01  -7.395623029928061E+01   4.913658462522678E+03   2.672461985799754E+03   6.998089264702795E+00   1.000000000000000E+00   1.000000000000000E-01   0.000000000000000E+00
   7.200000000000005E-01   5.446638570812284E+01   6.600000000000003E-01  -7.355262427492679E+01   4.847436033384031E+03   2.639866644717506E+03   6.998089264702795E+00   1.000000000000000E+00   1.000000000000000E-01   0.000000000000000E+00
   7.300000000000005E-01   5.382332160249265E+01   6.600000000000003E-01  -7.315387014680229E+01   4.793105237623176E+03   2.608698733338819E+03   6.998089264702795E+00   1.000000000000000E+00   1.000000000000000E-01   0.000000000000000E+00
   7.400000000000005E-01   5.320778241473572E+01   6.600000000000003E-01  -7.275987924041021E+01   4.749783862513638E+03   2.578864894556423E+03   6.998089264702795E+00   1.000000000000000E+00   1.000000000000000E-01   0.000000000000000E+00
   7.500000000000006E-01   5.261801102059558E+01   6.600000000000003E-01  -7.237056502055999E+01   4.716709740397927E+03   2.550279964398905E+03   6.998089264702795E+00   1.000000000000000E+00   1.000000000000000E-01   0.000000000000000E+00
   7.600000000000006E-01   5.205240106998159E+01   6.600000000000003E-01  -7.198584302726930E+01   4.693224981421338E+03   2.522866086589062E+03   6.998089264702795E+00   1.000000000000000E+00   1.000000000000000E-01   0.000000000000000E+00
   7.700000000000006E-01   5.150948091883706E+01   6.600000000000003E-01  -7.160563081396013E+01   4.678762771688979E+03   2.496551933756672E+03   6.998089264702795E+00   1.000000000000000E+00   1.000000000000000E-01   0.000000000000000E+00
   7.800000000000006E-01   5.098789961083840E+01   6.600000000000003E-01  -7.122984788783712E+01   4.672836288854664E+03   2.471272028002095E+03   6.998089264702795E+00   1.000000000000000E+00   1.000000000000000E-01   0.000000000000000E+00
   7.900000000000006E-01   5.048641461293785E+01   6.600000000000003E-01  -7.085841565239828E+01   4.675029372322205E+03   2.446966146464844E+03   6.998089264702795E+00   1.000000000000000E+00   1.000000000000000E-01   0.000000000000000E+00
   8.000000000000006E-01   5.000388102618741E+01   6.600000000000003E-01  -7.049125740657392E+01   4.684988684941713E+03   2.423578798395806E+03   6.998089264702795E+00   1.000000000000000E+00   1.000000000000000E-01   0.000000000000000E+00
   8.100000000000006E-01   4.953924207217072E+01   6.600000000000003E-01  -7.012829807357055E+01   4.702417018492402E+03   2.401058764055394E+03   6.998089264702795E+00   1.000000000000000E+00   1.000000000000000E-01   0.000000000000000E+00
   8.200000000000006E-01   4.909152066505487E+01   6.600000000000003E-01  -6.976946447394069E+01   4.727067784644703E+03   2.379358686229322E+03   6.998089264702795E+00   1.000000000000000E+00   1.000000000000000E-01   0.000000000000000E+00
   8.300000000000006E-01   4.865981194287664E+01   6.600000000000003E-01  -6.941468512326168E+01   4.758740259871686E+03   2.358434708236377E+03   6.998089264702795E+00   1.000000000000000E+00   1.000000000000000E-01   0.000000000000000E+00
   8.400000000000006E-01   4.824327665241298E+01   6.600000000000003E-01  -6.906388998699259E+01   4.797275610180572E+03   2.338246153307557E+03   6.998089264702795E+00   1.000000000000000E+00   1.000000000000000E-01   0.000000000000000E+00
   8.500000000000006E-01   4.784113519648508E+01   6.600000000000003E-01  -6.871701080762064E+01   4.842553622922883E+03   2.318755236071904E+03   6.998089264702795E+00   1.000000000000000E+00   1.000000000000000E-01   0.000000000000000E+00
   8.600000000000007E-01   4.745266237518523E+01   6.600000000000003E-01  -6.837398081190830E+01   4.894489926515284E+03   2.299926807675271E+03   6.998089264702795E+00   1.000000000000000E+00   1.000000000000000E-01   0.000000000000000E+00
   8.700000000000007E-01   4.707718271996187E+01   6.600000000000003E-01  -6.803473472903734E+01   4.953033735573674E+03   2.281728129633625E+03   6.998089264702795E+00   1.000000000000000E+00   1.000000000000000E-01   0.000000000000000E+00
   8.800000000000007E-01   4.671406658961529E+01   6.600000000000003E-01  -6.769920874867161E+01   5.018166018943009E+03   2.264128684614496E+03   6.998089264702795E+00   1.000000000000000E+00   1.000000000000000E-01   0.000000000000000E+00
   8.900000000000007E-01   4.636272579504757E+01   6.600000000000003E-01  -6.736734048031164E+01   5.089898050939541E+03   2.247099964378160E+03   6.998089264702795E+00   1.000000000000000E+00   1.000000000000000E-01   0.000000000000000E+00
   9.000000000000007E-01   4.602261321586926E+01   6.600000000000003E-01  -6.703906891410008E+01   5.168270303970864E+03   2.230615451195424E+03   6.998089264702795E+00   1.000000000000000E+00   1.000000000000000E-01   0.000000000000000E+00
   9.100000000000007E-01   4.569321401506853E+01   6.600000000000003E-01  -6.671433438269959E+01   5.253351666216471E+03   2.214650192041817E+03   6.998089264702795E+00   1.000000000000000E+00   1.000000000000000E-01   0.000000000000000E+00
   9.200000000000007E-01   4.537404702406985E+01   6.600000000000003E-01  -6.639307852493214E+01   5.345238935292363E+03   2.199180865728384E+03   6.998089264702795E+00   1.000000000000000E+00   1.000000000000000E-01   0.000000000000000E+00
   9.300000000000007E-01   4.506466343077795E+01   6.600000000000003E-01  -6.607524425004090E+01   5.444056613836938E+03   2.184185719314028E+03   6.998089264702795E+00   1.000000000000000E+00   1.000000000000000E-01   0.000000000000000E+00
   9.400000000000007E-01   4.476463996008579E+01   6.600000000000003E-01  -6.576077570267496E+01   5.549956858980523E+03   2.169644237579643E+03   6.998089264702795E+00   1.000000000000000E+00   1.000000000000000E-01   0.000000000000000E+00
   9.500000000000007E-01   4.447356813297107E+01   6.600000000000003E-01  -6.544961822977031E+01   5.663119835970460E+03   2.155536622440009E+03   6.998089264702795E+00   1.000000000000000E+00   1.000000000000000E-01   0.000000000000000E+00
   9.600000000000007E-01   4.419106675846009E+01   6.600000000000003E-01  -6.514171834903239E+01   5.783754204024171E+03   2.141844398401960E+03   6.998089264702795E+00   1.000000000000000E+00   1.000000000000000E-01   0.000000000000000E+00
   9.700000000000008E-01   4.391678025500790E+01   6.600000000000003E-01  -6.483702371804191E+01   5.912097846348707E+03   2.128550331205361E+03   6.998089264702795E+00   1.000000000000000E+00   1.000000000000000E-01   0.000000000000000E+00
   9.800000000000008E-01   4.365037372863029E+01   6.600000000000003E-01  -6.453548316369100E+01   6.048418884795872E+03   2.115638189270918E+03   6.998089264702795E+00   1.000000000000000E+00   1.000000000000000E-01   0.000000000000000E+00
   9.900000000000008E-01   4.339153105465973E+01   6.600000000000003E-01  -6.423704641314021E+01   6.193016945721443E+03   2.103092650727090E+03   6.998089264702795E+00   1.000000000000000E+00   1.000000000000000E-01   0.000000000000000E+00
   1.000000000000001E+00   4.313995351258211E+01   6.600000000000003E-01  -6.394166442422724E+01   6.346224616368519E+03   2.090899237243594E+03   6.998089264702795E+00   1.000000000000000E+00   1.000000000000000E-01   0.000000000000000E+00
   1.010000000000001E+00   4.289535861360405E+01   6.600000000000003E-01  -6.364928911979406E+01   6.508409251042804E+03   2.079044257206173E+03   6.998089264702795E+00   1.000000000000000E+00   1.000000000000000E-01   0.000000000000000E+00
   1.020000000000001E+00   4.265747898380025E+01   6.600000000000003E-01  -6.335987342033394E+01   6.679975023921881E+03   2.067514751585185E+03   6.998089264702795E+00   1.000000000000000E+00   1.000000000000000E-01   0.000000000000000E+00
   1.030000000000001E+00   4.242606134889084E+01   6.600000000000003E-01  -6.307337121831811E+01   6.861365301741879E+03   2.056298444729969E+03   6.998089264702795E+00   1.000000000000000E+00   1.000000000000000E-01   0.000000000000000E+00
   1.040000000000001E+00   4.220086559887101E+01   6.600000000000003E-01  -6.278973735331621E+01   7.053065348286415E+03   2.045383699033511E+03   6.998089264702795E+00   1.000000000000000E+00   1.000000000000000E-01   0.000000000000000E+00
   1.050000000000001E+00   4.198166392672876E+01   6.600000000000003E-01  -6.250892758776423E+01   7.255605395283772E+03   2.034759473187946E+03   6.998089264702795E+00   1.000000000000000E+00   1.000000000000000E-01   0.000000000000000E+00
   1.060000000000001E+00   4.176824005165749E+01   6.600000000000003E-01  -6.223089858357431E+01   7.469564112346767E+03   2.024415284535403E+03   6.998089264702795E+00   1.000000000000000E+00   1.000000000000000E-01   0.000000000000000E+00
   1.070000000000001E+00   4.156038847954920E+01   6.600000000000003E-01  -6.195560793636389E+01   7.695572531464597E+03   2.014341173225700E+03   6.998089264702795E+00   1.000000000000000E+00   1.000000000000000E-01   0.000000000000000E+00
   1.080000000000001E+00   4.135791415499959E+01   6.600000000000003E-01  -6.168301392619721E+01   7.934318426534671E+03   2.004527685349811E+03   6.998089264702795E+00   1.000000000000000E+00   1.000000000000000E-01   0.000000000000000E+00
   1.090000000000001E+00   4.116057170455237E+01   6.600000000000003E-01  -6.141307583336611E+01   8.186551311244283E+03   1.994962928192723E+03   6.998089264702795E+00   1.000000000000000E+00   1.000000000000000E-01   0.000000000000000E+00
   1.100000000000001E+00   4.096822398201911E+01   6.600000000000003E-01  -6.114575367186146E+01   8.453088966283172E+03   1.985640254578506E+03   6.998089264702795E+00   1.000000000000000E+00   1.000000000000000E-01   0.000000000000000E+00
   1.110000000000001E+00   4.078091232661113E+01   6.600000000000003E-01  -6.088100827818417E+01   8.734822293448238E+03   1.976561668128357E+03   6.998089264702795E+00   1.000000000000000E+00   1.000000000000000E-01   0.000000000000000E+00
   1.120000000000001E+00   4.059862431225027E+01   6.600000000000003E-01  -6.061880131759314E+01   9.032720795688521E+03   1.967726566577435E+03   6.998089264702795E+00   1.000000000000000E+00   1.000000000000000E-01   0.000000000000000E+00
   1.130000000000001E+00   4.042074626489656E+01   6.600000000000003E-01  -6.035909516106076E+01   9.347840215138089E+03   1.959105206486590E+03   6.998089264702795E+00   1.000000000000000E+00   1.000000000000000E-01   0.000000000000000E+00
   1.140000000000001E+00   4.024708200112719E+01   6.600000000000003E-01  -6.010185287979584E+01   9.681337964169976E+03   1.950688079274203E+03   6.998089264702795E+00   1.000000000000000E+00   1.000000000000000E-01   0.000000000000000E+00
   1.150000000000001E+00   4.007821544869834E+01   6.600000000000003E-01  -5.984703839519293E+01   1.003447418189499E+04   1.942503486642074E+03   6.998089264702795E+00   1.000000000000000E+00   1.000000000000000E-01   0.000000000000000E+00
   1.160000000000001E+00   3.991387164985932E+01   6.600000000000003E-01  -5.959461598720279E+01   1.040863156710541E+04   1.934538101989122E+03   6.998089264702795E+00   1.000000000000000E+00   1.000000000000000E-01   0.000000000000000E+00
   1.170000000000001E+00   3.975412677057320E+01   6.600000000000003E-01  -5.934455093223716E+01   1.080533831144893E+04   1.926795616913066E+03   6.998089264702795E+00   1.000000000000000E+00   1.000000000000000E-01   0.000000000000000E+00
   1.180000000000001E+00   3.959801589311585E+01   6.600000000000003E-01  -5.909680904258038E+01   1.122627031147345E+04   1.919229263961253E+03   6.998089264702795E+00   1.000000000000000E+00   1.000000000000000E-01   0.000000000000000E+00
   1.190000000000001E+00   3.944570643036320E+01   6.600000000000003E-01  -5.885135676000957E+01   1.167325903502254E+04   1.911847157269793E+03   6.998089264702795E+00   1.000000000000000E+00   1.000000000000000E-01   0.000000000000000E+00
   1.200000000000001E+00   3.929657091697015E+01   6.600000000000003E-01  -5.860816114587401E+01   1.214831064304657E+04   1.904618884965130E+03   6.998089264702795E+00   1.000000000000000E+00   1.000000000000000E-01   0.000000000000000E+00
   1.210000000000001E+00   3.915050694284965E+01   6.600000000000003E-01  -5.836718990008634E+01   1.265363201206621E+04   1.897539483454225E+03   6.998089264702795E+00   1.000000000000000E+00   1.000000000000000E-01   0.000000000000000E+00
   1.220000000000001E+00   3.900727999101776E+01   6.600000000000003E-01  -5.812841137498373E+01   1.319165937128776E+04   1.890597586211552E+03   6.998089264702795E+00   1.000000000000000E+00   1.000000000000000E-01   0.000000000000000E+00
   1.230000000000001E+00   3.886697504463832E+01   6.600000000000003E-01  -5.789179460146288E+01   1.376508386992511E+04   1.883797312185279E+03   6.998089264702795E+00   1.000000000000000E+00   1.000000000000000E-01   0.000000000000000E+00
   1.240000000000001E+00   3.872964791954975E+01   6.600000000000003E-01  -5.765730924607000E+01   1.437687596173123E+04   1.877141366647071E+03   6.998089264702795E+00   1.000000000000000E+00   1.000000000000000E-01   0.000000000000000E+00
   1.250000000000001E+00   3.859522114592531E+01   6.600000000000003E-01  -5.742492551968258E+01   1.503032457943152E+04   1.870625994803786E+03   6.998089264702795E+00   1.000000000000000E+00   1.000000000000000E-01   0.000000000000000E+00
   1.260000000000001E+00   3.846336523946736E+01   6.600000000000003E-01  -5.719461412195111E+01   1.572908742714916E+04   1.864235227271816E+03   6.998089264702795E+00   1.000000000000000E+00   1.000000000000000E-01   0.000000000000000E+00
   1.270000000000001E+00   3.833438638139131E+01   6.600000000000003E-01  -5.696634626879418E+01   1.647724084196673E+04   1.857983903985315E+03   6.998089264702795E+00   1.000000000000000E+00   1.000000000000000E-01   0.000000000000000E+00
   1.280000000000001E+00   3.820871713441817E+01   6.600000000000003E-01  -5.674009371060500E+01   1.727932790700513E+04   1.851892990313735E+03   6.998089264702795E+00   1.000000000000000E+00   1.000000000000000E-01   0.000000000000000E+00
   1.290000000000001E+00   3.808654671701422E+01   6.600000000000003E-01  -5.651582871028621E+01   1.814044579593706E+04   1.845971657262480E+03   6.998089264702795E+00   1.000000000000000E+00   1.000000000000000E-01   0.000000000000000E+00
   1.300000000000001E+00   3.796753910696007E+01   6.600000000000003E-01  -5.629352400805155E+01   1.906632979086842E+04   1.840203618569164E+03   6.998089264702795E+00   1.000000000000000E+00   1.000000000000000E-01   0.000000000000000E+00
   1.310000000000001E+00   3.785169539779426E+01   6.600000000000003E-01  -5.607315280676713E+01   2.006344548704075E+04   1.834588927235210E+03   6.998089264702795E+00   1.000000000000000E+00   1.000000000000000E-01   0.000000000000000E+00
   1.320000000000001E+00   3.773838411835844E+01   6.600000000000003E-01  -5.585468878360602E+01   2.113907468465698E+04   1.829096977234051E+03   6.998089264702795E+00   1.000000000000000E+00   1.000000000000000E-01   0.000000000000000E+00
   1.330000000000001E+00   3.762787950794825E+01   6.600000000000003E-01  -5.563810604877043E+01   2.230142067066871E+04   1.823741060344822E+03   6.998089264702795E+00   1.000000000000000E+00   1.000000000000000E-01   0.000000000000000E+00
   1.340000000000001E+00   3.751964312361578E+01   6.600000000000003E-01  -5.542337915901211E+01   2.355976919942059E+04   1.818495079414946E+03   6.998089264702795E+00   1.000000000000000E+00   1.000000000000000E-01   0.000000000000000E+00
   1.350000000000001E+00   3.741358271915579E+01   6.600000000000003E-01  -5.521048318980733E+01   2.492467665776080E+04   1.813354563472515E+03   6.998089264702795E+00   1.000000000000000E+00   1.000000000000000E-01   0.000000000000000E+00
   1.360000000000001E+00   3.730967381439071E+01   6.600000000000003E-01  -5.499939369234217E+01   2.640816969506996E+04   1.808318326016841E+03   6.998089264702795E+00   1.000000000000000E+00   1.000000000000000E-01   0.000000000000000E+00
   1.370000000000001E+00   3.720779795857278E+01   6.600000000000003E-01  -5.479008672259359E+01   2.802401575422249E+04   1.803380625999127E+03   6.998089264702795E+00   1.000000000000000E+00   1.000000000000000E-01   0.000000000000000E+00
   1.380000000000001E+00   3.710788045519961E+01   6.600000000000003E-01  -5.458253873683826E+01   2.978802605966437E+04   1.798537843043199E+03   6.998089264702795E+00   1.000000000000000E+00   1.000000000000000E-01   0.000000000000000E+00
   1.390000000000001E+00   3.700971499075911E+01   6.600000000000003E-01  -5.437672656013568E+01   3.171844932714764E+04   1.793779977584154E+03   6.998089264702795E+00   1.000000000000000E+00   1.000000000000000E-01   0.000000000000000E+00
   1.400000000000001E+00   3.691344441954606E+01   6.600000000000003E-01  -5.417262740255300E+01   3.383642739886128E+04   1.789113953457363E+03   6.998089264702795E+00   1.000000000000000E+00   1.000000000000000E-01   0.000000000000000E+00
   1.410000000000001E+00   3.681928314590686E+01   6.600000000000003E-01  -5.397021887758890E+01   3.616654259302709E+04   1.784550162372779E+03   6.998089264702795E+00   1.000000000000000E+00   1.000000000000000E-01   0.000000000000000E+00
   1.420000000000001E+00   3.672753065489991E+01   6.600000000000003E-01  -5.376947897042934E+01   3.873751275403552E+04   1.780103119716470E+03   6.998089264702795E+00   1.000000000000000E+00   1.000000000000000E-01   0.000000000000000E+00
   1.430000000000001E+00   3.663802820510998E+01   6.600000000000003E-01  -5.357038605848123E+01   4.158314284447115E+04   1.775765131639070E+03   6.998089264702795E+00   1.000000000000000E+00   1.000000000000000E-01   0.000000000000000E+00
   1.440000000000001E+00   3.655056895690342E+01   6.600000000000003E-01  -5.337291885240201E+01   4.474335695006051E+04   1.771526173075713E+03   6.998089264702795E+00   1.000000000000000E+00   1.000000000000000E-01   0.000000000000000E+00
   1.450000000000001E+00   3.646529221105163E+01   6.600000000000003E-01  -5.317705641448721E+01   4.826561437218069E+04   1.767392995630259E+03   6.998089264702795E+00   1.000000000000000E+00   1.000000000000000E-01   0.000000000000000E+00
   1.460000000000001E+00   3.638180279474313E+01   6.600000000000003E-01  -5.298277815407398E+01   5.220664874674037E+04   1.763346446140436E+03   6.998089264702795E+00   1.000000000000000E+00   1.000000000000000E-01   0.000000000000000E+00
   1.470000000000001E+00   3.630025644283901E+01   6.600000000000003E-01  -5.279006384385070E+01   5.663457481627461E+04   1.759394072734503E+03   6.998089264702795E+00   1.000000000000000E+00   1.000000000000000E-01   0.000000000000000E+00
   1.480000000000001E+00   3.622051564038181E+01   6.600000000000003E-01  -5.259889356453476E+01   6.163181614878569E+04   1.755529210363096E+03   6.998089264702795E+00   1.000000000000000E+00   1.000000000000000E-01   0.000000000000000E+00
   1.490000000000001E+00   3.614244049212192E+01   6.600000000000003E-01  -5.240924779249315E+01   6.729885768178747E+04   1.751745078609300E+03   6.998089264702795E+00   1.000000000000000E+00   1.000000000000000E-01   0.000000000000000E+00
   1.500000000000001E+00   3.606601319487171E+01   6.600000000000003E-01  -5.222110734520018E+01   7.375924700413832E+04   1.748040814591527E+03   6.998089264702795E+00   1.000000000000000E+00   1.000000000000000E-01   0.000000000000000E+00
   1.510000000000001E+00   3.599100975458921E+01   6.600000000000003E-01  -5.203445333010357E+01   8.116617774222312E+04   1.744405561808245E+03   6.998089264702795E+00   1.000000000000000E+00   1.000000000000000E-01   0.000000000000000E+00
   1.520000000000001E+00   3.591726629621519E+01   6.600000000000003E-01  -5.184926716998212E+01   8.971164812971934E+04   1.740831377593581E+03   6.998089264702795E+00   1.000000000000000E+00   1.000000000000000E-01   0.000000000000000E+00
   1.530000000000001E+00   3.584487463021425E+01   6.600000000000003E-01  -5.166553058692396E+01   9.963871905674637E+04   1.737322711800050E+03   6.998089264702795E+00   1.000000000000000E+00   1.000000000000000E-01   0.000000000000000E+00
   1.540000000000001E+00   3.577396429714001E+01   6.600000000000003E-01  -5.148322561371329E+01   1.112586289795004E+05   1.733885842975089E+03   6.998089264702795E+00   1.000000000000000E+00   1.000000000000000E-01   0.000000000000000E+00
   1.550000000000001E+00   3.570466221748492E+01   6.600000000000003E-01  -5.130233455699459E+01   1.249749162789749E+05   1.730526922677506E+03   6.998089264702795E+00   1.000000000000000E+00   1.000000000000000E-01   0.000000000000000E+00
   1.560000000000001E+00   3.563708998487781E+01   6.600000000000003E-01  -5.112284002412280E+01   1.413187711760025E+05   1.727251844284669E+03   6.998089264702795E+00   1.000000000000000E+00   1.000000000000000E-01   0.000000000000000E+00
   1.570000000000001E+00   3.557102557327443E+01   6.600000000000003E-01  -5.094472490152562E+01   1.610005525198900E+05   1.724049846679591E+03   6.998089264702795E+00   1.000000000000000E+00   1.000000000000000E-01   0.000000000000000E+00
   1.580000000000001E+00   3.550635988736152E+01   6.600000000000003E-01  -5.076797232270434E+01   1.849867844222755E+05   1.720915642250935E+03   6.998089264702795E+00   1.000000000000000E+00   1.000000000000000E-01   0.000000000000000E+00
   1.590000000000001E+00   3.544330931475008E+01   6.600000000000003E-01  -5.059256570848275E+01   2.146200455111183E+05   1.717859718833156E+03   6.998089264702795E+00   1.000000000000000E+00   1.000000000000000E-01   0.000000000000000E+00
   1.600000000000001E+00   3.538164711180531E+01   6.600000000000003E-01  -5.041848874823550E+01   2.518087009595901E+05   1.714871086657965E+03   6.998089264702795E+00   1.000000000000000E+00   1.000000000000000E-01   0.000000000000000E+00
   1.610000000000001E+00   3.532134869646065E+01   6.600000000000003E-01  -5.024572541255367E+01   2.993371724352206E+05   1.711948554286334E+03   6.998089264702795E+00   1.000000000000000E+00   1.000000000000000E-01   0.000000000000000E+00
   1.620000000000001E+00   3.526257483450673E+01   6.600000000000003E-01  -5.007425990780977E+01   3.613960337268817E+05   1.709099913684681E+03   6.998089264702795E+00   1.000000000000000E+00   1.000000000000000E-01   0.000000000000000E+00
   1.630000000000001E+00   3.520502831812782E+01   6.600000000000003E-01  -4.990407667360986E+01   4.445286726527410E+05   1.706310759839914E+03   6.998089264702795E+00   1.000000000000000E+00   1.000000000000000E-01   0.000000000000000E+00
   1.640000000000001E+00   3.514859196916589E+01   6.600000000000003E-01  -4.973516039985201E+01   5.594119149635747E+05   1.703575413382879E+03   6.998089264702795E+00   1.000000000000000E+00   1.000000000000000E-01   0.000000000000000E+00
   1.650000000000001E+00   3.509322587652296E+01   6.600000000000003E-01  -4.956749600451027E+01   7.244316061505681E+05   1.700891939909907E+03   6.998089264702795E+00   1.000000000000000E+00   1.000000000000000E-01   0.000000000000000E+00
   1.660000000000001E+00   3.503890876439569E+01   6.600000000000003E-01  -4.940106862676549E+01   9.734578989668241E+05   1.698259308229322E+03   6.998089264702795E+00   1.000000000000000E+00   1.000000000000000E-01   0.000000000000000E+00
   1.670000000000001E+00   3.498568626224760E+01   6.600000000000003E-01  -4.923586369500691E+01   1.374580897555611E+06   1.695679729901470E+03   6.998089264702795E+00   1.000000000000000E+00   1.000000000000000E-01   0.000000000000000E+00
   1.680000000000001E+00   3.493361720942663E+01   6.600000000000003E-01  -4.907186678931944E+01   2.081762808184817E+06   1.693156056740913E+03   6.998089264702795E+00   1.000000000000000E+00   1.000000000000000E-01   0.000000000000000E+00
   1.690000000000001E+00   3.488282403188531E+01   6.600000000000003E-01  -4.890906376392702E+01   3.506979551931553E+06   1.690694222465932E+03   6.998089264702795E+00   1.000000000000000E+00   1.000000000000000E-01   0.000000000000000E+00
   1.700000000000001E+00   3.483319920567128E+01   6.600000000000003E-01  -4.874744071991108E+01   7.086192300294788E+06   1.688289015625621E+03   6.998089264702795E+00   1.000000000000000E+00   1.000000000000000E-01   0.000000000000000E+00
   1.710000000000001E+00   3.478471130597924E+01   6.600000000000003E-01  -4.858698392359938E+01   2.102543808440886E+07   1.685938913128358E+03   6.998089264702795E+00   1.000000000000000E+00   1.000000000000000E-01   0.000000000000000E+00
   1.720000000000001E+00   3.473725672551372E+01   6.600000000000003E-01  -4.842767986911412E+01   2.663834305043607E+08   1.683638893355039E+03   6.998089264702795E+00   1.000000000000000E+00   1.000000000000000E-01   0.000000000000000E+00
   1.730000000000001E+00   3.469028276326524E+01   6.600000000000003E-01  -4.826951720871446E+01   2.060434733820754E+06   1.681362168096003E+03   6.998089264702795E+00   1.000000000000000E+00   1.000000000000000E-01   0.000000000000000E+00
   1.740000000000001E+00   3.464511011283145E+01   6.600000000000003E-01  -4.811248225746898E+01   4.205967962872262E+05   1.679172748482727E+03   6.998089264702795E+00   1.000000000000000E+00   1.000000000000000E-01   0.000000000000000E+00
   1.750000000000001E+00   3.460096950381902E+01   6.600000000000003E-01  -4.795656086290233E+01   3.114107003253069E+05   1.677033349660968E+03   6.998089264702795E+00   1.000000000000000E+00   1.000000000000000E-01   0.000000000000000E+00
   1.760000000000001E+00   3.455787708462456E+01   6.600000000000003E-01  -4.780174029790935E+01   3.189813022601677E+05   1.674944754308208E+03   6.998089264702795E+00   1.000000000000000E+00   1.000000000000000E-01   0.000000000000000E+00
   1.770000000000001E+00   3.451575184962887E+01   6.600000000000003E-01  -4.764800800251655E+01   3.591233717947985E+05   1.672903036259173E+03   6.998089264702795E+00   1.000000000000000E+00   1.000000000000000E-01   0.000000000000000E+00
   1.780000000000001E+00   3.447440099357279E+01   6.600000000000003E-01  -4.749535161821382E+01   4.191842654266464E+05   1.670898850664448E+03   6.998089264702795E+00   1.000000000000000E+00   1.000000000000000E-01   0.000000000000000E+00
   1.790000000000001E+00   3.443391431543198E+01   6.600000000000003E-01  -4.734375919315557E+01   4.993862465443204E+05   1.668936549884071E+03   6.998089264702795E+00   1.000000000000000E+00   1.000000000000000E-01   0.000000000000000E+00
   1.800000000000001E+00   3.439439678915038E+01   6.600000000000003E-01  -4.719321835476175E+01   6.050982813517330E+05   1.667021221775618E+03   6.998089264702795E+00   1.000000000000000E+00   1.000000000000000E-01   0.000000000000000E+00
   1.810000000000001E+00   3.435575879031204E+01   6.600000000000003E-01  -4.704371749590360E+01   7.463725577079823E+05   1.665148522439581E+03   6.998089264702795E+00   1.000000000000000E+00   1.000000000000000E-01   0.000000000000000E+00
   1.820000000000001E+00   3.431799588076488E+01   6.600000000000003E-01  -4.689524501765737E+01   9.401246233227897E+05   1.663318236768430E+03   6.998089264702795E+00   1.000000000000000E+00   1.000000000000000E-01   0.000000000000000E+00
   1.830000000000001E+00   3.428119734896207E+01   6.600000000000003E-01  -4.674778951187405E+01   1.215348081624094E+06   1.661534692378292E+03   6.998089264702795E+00   1.000000000000000E+00   1.000000000000000E-01   0.000000000000000E+00
   1.840000000000001E+00   3.424534924646868E+01   6.600000000000003E-01  -4.660133989692767E+01   1.624521194326305E+06   1.659797213219020E+03   6.998089264702795E+00   1.000000000000000E+00   1.000000000000000E-01   0.000000000000000E+00
   1.850000000000001E+00   3.421026667295955E+01   6.600000000000003E-01  -4.645588474857747E+01   2.270348658561876E+06   1.658096837576069E+03   6.998089264702795E+00   1.000000000000000E+00   1.000000000000000E-01   0.000000000000000E+00
   1.860000000000001E+00   3.417613409925853E+01   6.600000000000003E-01  -4.631141328874780E+01   3.376400454927066E+06   1.656442506346996E+03   6.998089264702795E+00   1.000000000000000E+00   1.000000000000000E-01   0.000000000000000E+00
   1.870000000000001E+00   3.414301242426068E+01   6.600000000000003E-01  -4.616791466557451E+01   5.508117309082692E+06   1.654837171168110E+03   6.998089264702795E+00   1.000000000000000E+00   1.000000000000000E-01   0.000000000000000E+00
   1.880000000000001E+00   3.411091131012323E+01   6.600000000000003E-01  -4.602537805998227E+01   1.046179450511209E+07   1.653281300343051E+03   6.998089264702795E+00   1.000000000000000E+00   1.000000000000000E-01   0.000000000000000E+00
   1.890000000000001E+00   3.407985004694837E+01   6.600000000000003E-01  -4.588379262896339E+01   2.674351100892516E+07   1.651775828820900E+03   6.998089264702795E+00   1.000000000000000E+00   1.000000000000000E-01   0.000000000000000E+00
   1.900000000000001E+00   3.404967680052090E+01   6.600000000000003E-01  -4.574314750100059E+01   1.617842361738601E+08   1.650313397529174E+03   6.998089264702795E+00   1.000000000000000E+00   1.000000000000000E-01   0.000000000000000E+00
   1.910000000000001E+00   3.401941967616813E+01   6.600000000000003E-01  -4.560343119882118E+01   7.601847227054410E+07   1.648846900857779E+03   6.998089264702795E+00   1.000000000000000E+00   1.000000000000000E-01   0.000000000000000E+00
   1.920000000000001E+00   3.399058592804742E+01   6.600000000000003E-01  -4.546463196760536E+01   4.208708813181735E+06   1.647449392120666E+03   6.998089264702795E+00   1.000000000000000E+00   1.000000000000000E-01   0.000000000000000E+00
   1.930000000000001E+00   3.396245984662661E+01   6.600000000000003E-01  -4.532674366755971E+01   1.342672846722878E+06   1.646086182441447E+03   6.998089264702795E+00   1.000000000000000E+00   1.000000000000000E-01   0.000000000000000E+00
   1.940000000000002E+00   3.393508739629610E+01   6.600000000000003E-01  -4.518975651021886E+01   6.494720536526322E+05   1.644759499613639E+03   6.998089264702795E+00   1.000000000000000E+00   1.000000000000000E-01   0.000000000000000E+00
   1.950000000000002E+00   3.390869396799292E+01   6.600000000000003E-01  -4.505366083168540E+01   3.808551848162937E+05   1.643480267843228E+03   6.998089264702795E+00   1.000000000000000E+00   1.000000000000000E-01   0.000000000000000E+00
   1.960000000000002E+00   3.388299341025933E+01   6.600000000000003E-01  -4.491844713675084E+01   2.497535523925678E+05   1.642234617994619E+03   6.998089264702795E+00   1.000000000000000E+00   1.000000000000000E-01   0.000000000000000E+00
   1.970000000000002E+00   3.385788204737601E+01   6.600000000000003E-01  -4.478410607858797E+01   1.762540103741378E+05   1.641017525132348E+03   6.998089264702795E+00   1.000000000000000E+00   1.000000000000000E-01   0.000000000000000E+00
   1.980000000000002E+00   3.383340215404124E+01   6.600000000000003E-01  -4.465062841883636E+01   1.310381896674206E+05   1.639831038218622E+03   6.998089264702795E+00   1.000000000000000E+00   1.000000000000000E-01   0.000000000000000E+00
   1.990000000000002E+00   3.380945714977329E+01   6.600000000000003E-01  -4.451800501666975E+01   1.013048929590154E+05   1.638670476208626E+03   6.998089264702795E+00   1.000000000000000E+00   1.000000000000000E-01   0.000000000000000E+00
   2.000000000000001E+00   3.378600504643124E+01   6.600000000000003E-01  -4.438622693694407E+01   8.074703055255850E+04   1.637533804028965E+03   6.998089264702795E+00   1.000000000000000E+00   1.000000000000000E-01   0.000000000000000E+00
   2.010000000000000E+00   3.376303957345269E+01   6.600000000000003E-01  -4.425528529975879E+01   6.596605866044121E+04   1.636420717759184E+03   6.998089264702795E+00   1.000000000000000E+00   1.000000000000000E-01   0.000000000000000E+00
   2.019999999999999E+00   3.374052258473989E+01   6.600000000000003E-01  -4.412517132798244E+01   5.500057239924354E+04   1.635329368541322E+03   6.998089264702795E+00   1.000000000000000E+00   1.000000000000000E-01   0.000000000000000E+00
   2.029999999999998E+00   3.371851174351957E+01   6.600000000000003E-01  -4.399587639839517E+01   4.665499895354301E+04   1.634262551185915E+03   6.998089264702795E+00   1.000000000000000E+00   1.000000000000000E-01   0.000000000000000E+00
   2.039999999999997E+00   3.369704420575902E+01   6.600000000000003E-01  -4.386739198545305E+01   4.016682820161482E+04   1.633222066561471E+03   6.998089264702795E+00   1.000000000000000E+00   1.000000000000000E-01   0.000000000000000E+00
   2.049999999999996E+00   3.367624095346079E+01   6.600000000000003E-01  -4.373970967582813E+01   3.503152943123476E+04   1.632213778401174E+03   6.998089264702795E+00   1.000000000000000E+00   1.000000000000000E-01   0.000000000000000E+00
   2.059999999999995E+00   3.365613727207494E+01   6.600000000000003E-01  -4.361282114064708E+01   3.090464926936736E+04   1.631239396913646E+03   6.998089264702795E+00   1.000000000000000E+00   1.000000000000000E-01   0.000000000000000E+00
   2.069999999999994E+00   3.363659228867933E+01   6.600000000000003E-01  -4.348671821469084E+01   2.754452032231111E+04   1.630292094296319E+03   6.998089264702795E+00   1.000000000000000E+00   1.000000000000000E-01   0.000000000000000E+00
   2.079999999999993E+00   3.361763433266145E+01   6.600000000000003E-01  -4.336139288855187E+01   2.477751626753597E+04   1.629373243612674E+03   6.998089264702795E+00   1.000000000000000E+00   1.000000000000000E-01   0.000000000000000E+00
   2.089999999999991E+00   3.359949278142703E+01   6.600000000000003E-01  -4.323683726761407E+01   2.247644479308339E+04   1.628493962284116E+03   6.998089264702795E+00   1.000000000000000E+00   1.000000000000000E-01   0.000000000000000E+00
   2.099999999999990E+00   3.358197440500234E+01   6.600000000000003E-01  -4.311304353905847E+01   2.054641296801666E+04   1.627644884876244E+03   6.998089264702795E+00   1.000000000000000E+00   1.000000000000000E-01   0.000000000000000E+00
   2.109999999999989E+00   3.356503856514233E+01   6.600000000000003E-01  -4.299000400320254E+01   1.891545970393495E+04   1.626824041742164E+03   6.998089264702795E+00   1.000000000000000E+00   1.000000000000000E-01   0.000000000000000E+00
   2.119999999999988E+00   3.354884848481112E+01   6.600000000000003E-01  -4.286771099152948E+01   1.752825207214681E+04   1.626039343942117E+03   6.998089264702795E+00   1.000000000000000E+00   1.000000000000000E-01   0.000000000000000E+00
   2.129999999999987E+00   3.353306525035911E+01   6.600000000000003E-01  -4.274615700920884E+01   1.634170983063517E+04   1.625274365072419E+03   6.998089264702795E+00   1.000000000000000E+00   1.000000000000000E-01   0.000000000000000E+00
   2.139999999999986E+00   3.351787194559287E+01   6.600000000000003E-01  -4.262533463509009E+01   1.532188102978236E+04   1.624537978804925E+03   6.998089264702795E+00   1.000000000000000E+00   1.000000000000000E-01   0.000000000000000E+00
   2.149999999999985E+00   3.350319754641362E+01   6.600000000000003E-01  -4.250523650896826E+01   1.444171786085480E+04   1.623826742756839E+03   6.998089264702795E+00   1.000000000000000E+00   1.000000000000000E-01   0.000000000000000E+00
   2.159999999999984E+00   3.348886047574427E+01   6.600000000000003E-01  -4.238585536421257E+01   1.367946048759170E+04   1.623131856284184E+03   6.998089264702795E+00   1.000000000000000E+00   1.000000000000000E-01   0.000000000000000E+00
   2.169999999999983E+00   3.347494360755203E+01   6.600000000000003E-01  -4.226718404166748E+01   1.301747484990379E+04   1.622457336106977E+03   6.998089264702795E+00   1.000000000000000E+00   1.000000000000000E-01   0.000000000000000E+00
   2.179999999999982E+00   3.346145287392201E+01   6.600000000000003E-01  -4.214921547675608E+01   1.244134574547963E+04   1.621803469740418E+03   6.998089264702795E+00   1.000000000000000E+00   1.000000000000000E-01   0.000000000000000E+00
   2.189999999999980E+00   3.344856614149886E+01   6.600000000000003E-01  -4.203194266932258E+01   1.193920064019324E+04   1.621178877991929E+03   6.998089264702795E+00   1.000000000000000E+00   1.000000000000000E-01   0.000000000000000E+00
   2.199999999999979E+00   3.343620147896230E+01   6.600000000000003E-01  -4.191535873143105E+01   1.150118649288298E+04   1.620579589829532E+03   6.998089264702795E+00   1.000000000000000E+00   1.000000000000000E-01   0.000000000000000E+00
   2.209999999999978E+00   3.342422247296081E+01   6.600000000000003E-01  -4.179945689266680E+01   1.111906977139679E+04   1.619998993596294E+03   6.998089264702795E+00   1.000000000000000E+00   1.000000000000000E-01   0.000000000000000E+00
   2.219999999999977E+00   3.341276908385279E+01   6.600000000000003E-01  -4.168423046314133E+01   1.078593748440355E+04   1.619443872864818E+03   6.998089264702795E+00   1.000000000000000E+00   1.000000000000000E-01   0.000000000000000E+00
   2.229999999999976E+00   3.340187152084332E+01   6.600000000000003E-01  -4.156967284604675E+01   1.049594829422546E+04   1.618915691809228E+03   6.998089264702795E+00   1.000000000000000E+00   1.000000000000000E-01   0.000000000000000E+00
   2.239999999999975E+00   3.339146527147122E+01   6.600000000000003E-01  -4.145577751998184E+01   1.024413911980328E+04   1.618411323651568E+03   6.998089264702795E+00   1.000000000000000E+00   1.000000000000000E-01   0.000000000000000E+00
   2.249999999999974E+00   3.338148729576110E+01   6.600000000000003E-01  -4.134253805386948E+01   1.002627583989416E+04   1.617927712982043E+03   6.998089264702795E+00   1.000000000000000E+00   1.000000000000000E-01   0.000000000000000E+00
   2.259999999999973E+00   3.337184811402341E+01   6.600000000000003E-01  -4.122994811480547E+01   9.838732573074618E+03   1.617460522915712E+03   6.998089264702795E+00   1.000000000000000E+00   1.000000000000000E-01   0.000000000000000E+00
   2.269999999999972E+00   3.336260396783555E+01   6.600000000000003E-01  -4.111800145684695E+01   9.678392281654928E+03   1.617012479358884E+03   6.998089264702795E+00   1.000000000000000E+00   1.000000000000000E-01   0.000000000000000E+00
   2.279999999999970E+00   3.335377936204069E+01   6.600000000000003E-01  -4.100669189072156E+01   9.542559937566803E+03   1.616584770007736E+03   6.998089264702795E+00   1.000000000000000E+00   1.000000000000000E-01   0.000000000000000E+00
   2.289999999999969E+00   3.334543127573646E+01   6.600000000000003E-01  -4.089601329596653E+01   9.428901691908761E+03   1.616180156514565E+03   6.998089264702795E+00   1.000000000000000E+00   1.000000000000000E-01   0.000000000000000E+00
   2.299999999999968E+00   3.333763822483643E+01   6.600000000000003E-01  -4.078595961712105E+01   9.335389424502278E+03   1.615802444374057E+03   6.998089264702795E+00   1.000000000000000E+00   1.000000000000000E-01   0.000000000000000E+00
   2.309999999999967E+00   3.333037017302117E+01   6.600000000000003E-01  -4.067652490443912E+01   9.260258246063158E+03   1.615450177791471E+03   6.998089264702795E+00   1.000000000000000E+00   1.000000000000000E-01   0.000000000000000E+00
   2.319999999999966E+00   3.332352161798927E+01   6.600000000000003E-01  -4.056770329201912E+01   9.201964391469453E+03   1.615118243300902E+03   6.998089264702795E+00   1.000000000000000E+00   1.000000000000000E-01   0.000000000000000E+00
   2.329999999999965E+00   3.331707039185370E+01   6.600000000000003E-01  -4.045948898049362E+01   9.159154341604049E+03   1.614805566473325E+03   6.998089264702795E+00   1.000000000000000E+00   1.000000000000000E-01   0.000000000000000E+00
   2.339999999999964E+00   3.331115948469681E+01   6.600000000000003E-01  -4.035187620267602E+01   9.130639031518434E+03   1.614519077725436E+03   6.998089264702795E+00   1.000000000000000E+00   1.000000000000000E-01   0.000000000000000E+00
   2.349999999999963E+00   3.330570407818232E+01   6.600000000000003E-01  -4.024485927795526E+01   9.115372399971442E+03   1.614254666097901E+03   6.998089264702795E+00   1.000000000000000E+00   1.000000000000000E-01   0.000000000000000E+00
   2.359999999999962E+00   3.330068932400101E+01   6.600000000000003E-01  -4.013843261112551E+01   9.112432533459831E+03   1.614011611925634E+03   6.998089264702795E+00   1.000000000000000E+00   1.000000000000000E-01   0.000000000000000E+00
   2.369999999999961E+00   3.329601664299885E+01   6.600000000000003E-01  -4.003259066458467E+01   9.121004866604326E+03   1.613785137292544E+03   6.998089264702795E+00   1.000000000000000E+00   1.000000000000000E-01   0.000000000000000E+00
   2.379999999999959E+00   3.329175728235280E+01   6.600000000000003E-01  -3.992732797339350E+01   9.140369265622767E+03   1.613578695393543E+03   6.998089264702795E+00   1.000000000000000E+00   1.000000000000000E-01   0.000000000000000E+00
   2.389999999999958E+00   3.328788425953310E+01   6.600000000000003E-01  -3.982263910187342E+01   9.169888045718200E+03   1.613390978444400E+03   6.998089264702795E+00   1.000000000000000E+00   1.000000000000000E-01   0.000000000000000E+00
   2.399999999999957E+00   3.328431076677717E+01   6.600000000000003E-01  -3.971851870414305E+01   9.208996216725449E+03   1.613217779062637E+03   6.998089264702795E+00   1.000000000000000E+00   1.000000000000000E-01   0.000000000000000E+00
   2.409999999999956E+00   3.328103010470074E+01   6.600000000000003E-01  -3.961496150972483E+01   9.257192815684115E+03   1.613058772543743E+03   6.998089264702795E+00   1.000000000000000E+00   1.000000000000000E-01   0.000000000000000E+00
   2.419999999999955E+00   3.327816176792807E+01   6.600000000000003E-01  -3.951196232729917E+01   9.314033609385062E+03   1.612919750530928E+03   6.998089264702795E+00   1.000000000000000E+00   1.000000000000000E-01   0.000000000000000E+00
   2.429999999999954E+00   3.327572739106644E+01   6.600000000000003E-01  -3.940951603207478E+01   9.379124922115005E+03   1.612801761606306E+03   6.998089264702795E+00   1.000000000000000E+00   1.000000000000000E-01   0.000000000000000E+00
   2.439999999999953E+00   3.327373398523386E+01   6.600000000000003E-01  -3.930761754380977E+01   9.452118603186089E+03   1.612705145583443E+03   6.998089264702795E+00   1.000000000000000E+00   1.000000000000000E-01   0.000000000000000E+00
   2.449999999999952E+00   3.327217237644957E+01   6.600000000000003E-01  -3.920626186290711E+01   9.532705865196749E+03   1.612629457819547E+03   6.998089264702795E+00   1.000000000000000E+00   1.000000000000000E-01   0.000000000000000E+00
   2.459999999999951E+00   3.327099828334999E+01   6.600000000000003E-01  -3.910544401736813E+01   9.620615001849859E+03   1.612572552093730E+03   6.998089264702795E+00   1.000000000000000E+00   1.000000000000000E-01   0.000000000000000E+00
   2.469999999999950E+00   3.327025173497938E+01   6.600000000000003E-01  -3.900515909596101E+01   9.715607072869332E+03   1.612536368526258E+03   6.998089264702795E+00   1.000000000000000E+00   1.000000000000000E-01   0.000000000000000E+00
   2.479999999999948E+00   3.327000179720834E+01   6.600000000000003E-01  -3.890540223632299E+01   9.817472485698834E+03   1.612524254588891E+03   6.998089264702795E+00   1.000000000000000E+00   1.000000000000000E-01   0.000000000000000E+00
   2.489999999999947E+00   3.327024222353376E+01   6.600000000000003E-01  -3.880616863348406E+01   9.926029909417270E+03   1.612535907527282E+03   6.998089264702795E+00   1.000000000000000E+00   1.000000000000000E-01   0.000000000000000E+00
   2.499999999999946E+00   3.327081189452966E+01   6.600000000000003E-01  -3.870745354743732E+01   1.004112347433178E+04   1.612563518235078E+03   6.998089264702795E+00   1.000000000000000E+00   1.000000000000000E-01   0.000000000000000E+00
   2.509999999999945E+00   3.327184195127835E+01   6.600000000000003E-01  -3.860925228085540E+01   1.016261802597453E+04   1.612613442833850E+03   6.998089264702795E+00   1.000000000000000E+00   1.000000000000000E-01   0.000000000000000E+00
   2.519999999999944E+00   3.327317937757753E+01   6.600000000000003E-01  -3.851156019367145E+01   1.029039636758053E+04   1.612678264962785E+03   6.998089264702795E+00   1.000000000000000E+00   1.000000000000000E-01   0.000000000000000E+00
   2.529999999999943E+00   3.327482190811688E+01   6.600000000000003E-01  -3.841437269685940E+01   1.042436071218381E+04   1.612757874827243E+03   6.998089264702795E+00   1.000000000000000E+00   1.000000000000000E-01   0.000000000000000E+00
   2.539999999999942E+00   3.327673850437499E+01   6.600000000000003E-01  -3.831768524085248E+01   1.056442952822636E+04   1.612850768057947E+03   6.998089264702795E+00   1.000000000000000E+00   1.000000000000000E-01   0.000000000000000E+00
   2.549999999999941E+00   3.327898599325589E+01   6.600000000000003E-01  -3.822149335594093E+01   1.071053567386283E+04   1.612959698930703E+03   6.998089264702795E+00   1.000000000000000E+00   1.000000000000000E-01   0.000000000000000E+00
   2.559999999999940E+00   3.328157995515119E+01   6.600000000000003E-01  -3.812579260429561E+01   1.086262677265790E+04   1.613085422593033E+03   6.998089264702795E+00   1.000000000000000E+00   1.000000000000000E-01   0.000000000000000E+00
   2.569999999999939E+00   3.328448798198323E+01   6.600000000000003E-01  -3.803057861202063E+01   1.102066699464090E+04   1.613226368296260E+03   6.998089264702795E+00   1.000000000000000E+00   1.000000000000000E-01   0.000000000000000E+00
   2.579999999999937E+00   3.328765170130748E+01   6.600000000000003E-01  -3.793584711036784E+01   1.118463384700381E+04   1.613379706855606E+03   6.998089264702795E+00   1.000000000000000E+00   1.000000000000000E-01   0.000000000000000E+00
   2.589999999999936E+00   3.329104292028573E+01   6.600000000000003E-01  -3.784159371333627E+01   1.135451115036720E+04   1.613544071825840E+03   6.998089264702795E+00   1.000000000000000E+00   1.000000000000000E-01   0.000000000000000E+00
   2.599999999999935E+00   3.329466665228969E+01   6.600000000000003E-01  -3.774781426113996E+01   1.153029438028913E+04   1.613719706194124E+03   6.998089264702795E+00   1.000000000000000E+00   1.000000000000000E-01   0.000000000000000E+00
   2.609999999999934E+00   3.329861802158226E+01   6.600000000000003E-01  -3.765450486899176E+01   1.171199179000826E+04   1.613911220425533E+03   6.998089264702795E+00   1.000000000000000E+00   1.000000000000000E-01   0.000000000000000E+00
   2.619999999999933E+00   3.330292258060125E+01   6.600000000000003E-01  -3.756166083130319E+01   1.189961649906627E+04   1.614119852990861E+03   6.998089264702795E+00   1.000000000000000E+00   1.000000000000000E-01   0.000000000000000E+00
   2.629999999999932E+00   3.330748253688869E+01   6.600000000000003E-01  -3.746927832986152E+01   1.209319003434488E+04   1.614340864103459E+03   6.998089264702795E+00   1.000000000000000E+00   1.000000000000000E-01   0.000000000000000E+00
   2.639999999999931E+00   3.331223009955579E+01   6.600000000000003E-01  -3.737735333403774E+01   1.229274585396710E+04   1.614570968087149E+03   6.998089264702795E+00   1.000000000000000E+00   1.000000000000000E-01   0.000000000000000E+00
   2.649999999999930E+00   3.331716207761794E+01   6.600000000000003E-01  -3.728588185709823E+01   1.249832572287637E+04   1.614810010281879E+03   6.998089264702795E+00   1.000000000000000E+00   1.000000000000000E-01   0.000000000000000E+00
   2.659999999999929E+00   3.332226447451195E+01   6.600000000000003E-01  -3.719485994880143E+01   1.270997900432382E+04   1.615057312304833E+03   6.998089264702795E+00   1.000000000000000E+00   1.000000000000000E-01   0.000000000000000E+00
   2.669999999999928E+00   3.332760169162663E+01   6.600000000000003E-01  -3.710428369930176E+01   1.292776194694713E+04   1.615315995550536E+03   6.998089264702795E+00   1.000000000000000E+00   1.000000000000000E-01   0.000000000000000E+00
   2.679999999999926E+00   3.333311101202311E+01   6.600000000000003E-01  -3.701414924781426E+01   1.315173600058052E+04   1.615583020266068E+03   6.998089264702795E+00   1.000000000000000E+00   1.000000000000000E-01   0.000000000000000E+00
   2.689999999999925E+00   3.333885407677856E+01   6.600000000000003E-01  -3.692445301416061E+01   1.338197074922125E+04   1.615861374059682E+03   6.998089264702795E+00   1.000000000000000E+00   1.000000000000000E-01   0.000000000000000E+00
   2.699999999999924E+00   3.334474242777941E+01   6.600000000000003E-01  -3.683519074017361E+01   1.361854063718346E+04   1.616146769559998E+03   6.998089264702795E+00   1.000000000000000E+00   1.000000000000000E-01   0.000000000000000E+00
   2.709999999999923E+00   3.335084234180161E+01   6.600000000000003E-01  -3.674635895949402E+01   1.386152734123957E+04   1.616442419057453E+03   6.998089264702795E+00   1.000000000000000E+00   1.000000000000000E-01   0.000000000000000E+00
   2.719999999999922E+00   3.335707316807098E+01   6.600000000000003E-01  -3.665795399719868E+01   1.411102057034572E+04   1.616744413585339E+03   6.998089264702795E+00   1.000000000000000E+00   1.000000000000000E-01   0.000000000000000E+00
   2.729999999999921E+00   3.336345241267946E+01   6.600000000000003E-01  -3.656997221307996E+01   1.436711360065238E+04   1.617053601625659E+03   6.998089264702795E+00   1.000000000000000E+00   1.000000000000000E-01   0.000000000000000E+00
   2.739999999999920E+00   3.336995258570136E+01   6.600000000000003E-01  -3.648241001065249E+01   1.462990649388355E+04   1.617368650801813E+03   6.998089264702795E+00   1.000000000000000E+00   1.000000000000000E-01   0.000000000000000E+00
   2.749999999999919E+00   3.337655103269035E+01   6.600000000000003E-01  -3.639526384374664E+01   1.489950371290022E+04   1.617688463102311E+03   6.998089264702795E+00   1.000000000000000E+00   1.000000000000000E-01   0.000000000000000E+00
   2.759999999999918E+00   3.338325388359488E+01   6.600000000000003E-01  -3.630853019841219E+01   1.517601689776809E+04   1.618013335632357E+03   6.998089264702795E+00   1.000000000000000E+00   1.000000000000000E-01   0.000000000000000E+00
   2.769999999999917E+00   3.339005262154591E+01   6.600000000000003E-01  -3.622220561079977E+01   1.545956289456051E+04   1.618342855597922E+03   6.998089264702795E+00   1.000000000000000E+00   1.000000000000000E-01   0.000000000000000E+00
   2.779999999999915E+00   3.339693945301047E+01   6.600000000000003E-01  -3.613628665390118E+01   1.575026347055741E+04   1.618676645263508E+03   6.998089264702795E+00   1.000000000000000E+00   1.000000000000000E-01   0.000000000000000E+00
   2.789999999999914E+00   3.340394388351447E+01   6.600000000000003E-01  -3.605076993227134E+01   1.604824437347829E+04   1.619016134697446E+03   6.998089264702795E+00   1.000000000000000E+00   1.000000000000000E-01   0.000000000000000E+00
   2.799999999999913E+00   3.341103046061777E+01   6.600000000000003E-01  -3.596565209599572E+01   1.635363785998602E+04   1.619359605597470E+03   6.998089264702795E+00   1.000000000000000E+00   1.000000000000000E-01   0.000000000000000E+00
   2.809999999999912E+00   3.341817345124225E+01   6.600000000000003E-01  -3.588092983081023E+01   1.666658010139834E+04   1.619705810737539E+03   6.998089264702795E+00   1.000000000000000E+00   1.000000000000000E-01   0.000000000000000E+00
   2.819999999999911E+00   3.342540935660293E+01   6.600000000000003E-01  -3.579659986171522E+01   1.698721397433437E+04   1.620056519251747E+03   6.998089264702795E+00   1.000000000000000E+00   1.000000000000000E-01   0.000000000000000E+00
   2.829999999999910E+00   3.343271281279652E+01   6.600000000000003E-01  -3.571265896268216E+01   1.731568845403067E+04   1.620410501807152E+03   6.998089264702795E+00   1.000000000000000E+00   1.000000000000000E-01   0.000000000000000E+00
   2.839999999999909E+00   3.344011930245006E+01   6.600000000000003E-01  -3.562910394862587E+01   1.765215772637094E+04   1.620769478169115E+03   6.998089264702795E+00   1.000000000000000E+00   1.000000000000000E-01   0.000000000000000E+00
   2.849999999999908E+00   3.344765642196215E+01   6.600000000000003E-01  -3.554593164822202E+01   1.799678380827379E+04   1.621134785874750E+03   6.998089264702795E+00   1.000000000000000E+00   1.000000000000000E-01   0.000000000000000E+00
   2.859999999999907E+00   3.345535759664531E+01   6.600000000000003E-01  -3.546313891977223E+01   1.834973240987971E+04   1.621508044975879E+03   6.998089264702795E+00   1.000000000000000E+00   1.000000000000000E-01   0.000000000000000E+00
   2.869999999999906E+00   3.346320314590927E+01   6.600000000000003E-01  -3.538072275890049E+01   1.871117084174909E+04   1.621888301597319E+03   6.998089264702795E+00   1.000000000000000E+00   1.000000000000000E-01   0.000000000000000E+00
   2.879999999999904E+00   3.347112354012166E+01   6.600000000000003E-01  -3.529867998577257E+01   1.908126955143057E+04   1.622272185789790E+03   6.998089264702795E+00   1.000000000000000E+00   1.000000000000000E-01   0.000000000000000E+00
   2.889999999999903E+00   3.347916879533051E+01   6.600000000000003E-01  -3.521700764234323E+01   1.946020739680665E+04   1.622662121721795E+03   6.998089264702795E+00   1.000000000000000E+00   1.000000000000000E-01   0.000000000000000E+00
   2.899999999999902E+00   3.348734079744355E+01   6.600000000000003E-01  -3.513570273860159E+01   1.984816682134375E+04   1.623058200799162E+03   6.998089264702795E+00   1.000000000000000E+00   1.000000000000000E-01   0.000000000000000E+00
   2.909999999999901E+00   3.349570325842798E+01   6.600000000000003E-01  -3.505476232957873E+01   2.024533587677321E+04   1.623463511001656E+03   6.998089264702795E+00   1.000000000000000E+00   1.000000000000000E-01   0.000000000000000E+00
   2.919999999999900E+00   3.350425578661311E+01   6.600000000000003E-01  -3.497418351095828E+01   2.065191309446457E+04   1.623878033345859E+03   6.998089264702795E+00   1.000000000000000E+00   1.000000000000000E-01   0.000000000000000E+00
   2.929999999999899E+00   3.351293057118765E+01   6.600000000000003E-01  -3.489396344760213E+01   2.106809153175748E+04   1.624298481189987E+03   6.998089264702795E+00   1.000000000000000E+00   1.000000000000000E-01   0.000000000000000E+00
   2.939999999999898E+00   3.352172823207967E+01   6.600000000000003E-01  -3.481409928582330E+01   2.149407106346895E+04   1.624724884580600E+03   6.998089264702795E+00   1.000000000000000E+00   1.000000000000000E-01   0.000000000000000E+00
   2.949999999999897E+00   3.353064964686910E+01   6.600000000000003E-01  -3.473458818285950E+01   2.193005961377755E+04   1.625157286052078E+03   6.998089264702795E+00   1.000000000000000E+00   1.000000000000000E-01   0.000000000000000E+00
   2.959999999999896E+00   3.353965164752577E+01   6.600000000000003E-01  -3.465542734281372E+01   2.237626828157774E+04   1.625593593344371E+03   6.998089264702795E+00   1.000000000000000E+00   1.000000000000000E-01   0.000000000000000E+00
   2.969999999999895E+00   3.354873063352629E+01   6.600000000000003E-01  -3.457661398278500E+01   2.283291715522739E+04   1.626033631947980E+03   6.998089264702795E+00   1.000000000000000E+00   1.000000000000000E-01   0.000000000000000E+00
   2.979999999999893E+00   3.355787494944241E+01   6.600000000000003E-01  -3.449814537921274E+01   2.330022767926716E+04   1.626476836949778E+03   6.998089264702795E+00   1.000000000000000E+00   1.000000000000000E-01   0.000000000000000E+00
   2.989999999999892E+00   3.356710614108950E+01   6.600000000000003E-01  -3.442001881871217E+01   2.377842779513311E+04   1.626924252628335E+03   6.998089264702795E+00   1.000000000000000E+00   1.000000000000000E-01   0.000000000000000E+00
   2.999999999999891E+00   3.357639856252531E+01   6.600000000000003E-01  -3.434223174020939E+01   2.426774924520779E+04   1.627374635980896E+03   6.998089264702795E+00   1.000000000000000E+00   1.000000000000000E-01   0.000000000000000E+00
   3.009999999999890E+00   3.358574137261591E+01   6.600000000000003E-01  -3.426478119693251E+01   2.476842961834657E+04   1.627827461561397E+03   6.998089264702795E+00   1.000000000000000E+00   1.000000000000000E-01   0.000000000000000E+00
   3.019999999999889E+00   3.359513306123070E+01   6.600000000000003E-01  -3.418766468288900E+01   2.528071413547960E+04   1.628282656177111E+03   6.998089264702795E+00   1.000000000000000E+00   1.000000000000000E-01   0.000000000000000E+00
   3.029999999999888E+00   3.360471904145589E+01   6.600000000000003E-01  -3.411087959619738E+01   2.580485398346957E+04   1.628747267682436E+03   6.998089264702795E+00   1.000000000000000E+00   1.000000000000000E-01   0.000000000000000E+00
   3.039999999999887E+00   3.361457210297391E+01   6.600000000000003E-01  -3.403442335752354E+01   2.634109526033544E+04   1.629224824034148E+03   6.998089264702795E+00   1.000000000000000E+00   1.000000000000000E-01   0.000000000000000E+00
   3.049999999999886E+00   3.362461483804115E+01   6.600000000000003E-01  -3.395829342879060E+01   2.688968208708645E+04   1.629711573448141E+03   6.998089264702795E+00   1.000000000000000E+00   1.000000000000000E-01   0.000000000000000E+00
   3.059999999999885E+00   3.363476345919813E+01   6.600000000000003E-01  -3.388248727717114E+01   2.745087582558875E+04   1.630203454929423E+03   6.998089264702795E+00   1.000000000000000E+00   1.000000000000000E-01   0.000000000000000E+00
   3.069999999999883E+00   3.364508894016727E+01   6.600000000000003E-01  -3.380700239806686E+01   2.802494897650092E+04   1.630703908419161E+03   6.998089264702795E+00   1.000000000000000E+00   1.000000000000000E-01   0.000000000000000E+00
   3.079999999999882E+00   3.365549194545557E+01   6.600000000000003E-01  -3.373183632433761E+01   2.861218368572148E+04   1.631208119343172E+03   6.998089264702795E+00   1.000000000000000E+00   1.000000000000000E-01   0.000000000000000E+00
   3.089999999999881E+00   3.366604791272267E+01   6.600000000000003E-01  -3.365698661599798E+01   2.921286405794184E+04   1.631719743999901E+03   6.998089264702795E+00   1.000000000000000E+00   1.000000000000000E-01   0.000000000000000E+00
   3.099999999999880E+00   3.367675221894997E+01   6.600000000000003E-01  -3.358245087086578E+01   2.982727976309851E+04   1.632238558321742E+03   6.998089264702795E+00   1.000000000000000E+00   1.000000000000000E-01   0.000000000000000E+00
   3.109999999999879E+00   3.368764132724252E+01   6.600000000000003E-01  -3.350822671306774E+01   3.045572534231040E+04   1.632766329595685E+03   6.998089264702795E+00   1.000000000000000E+00   1.000000000000000E-01   0.000000000000000E+00
   3.119999999999878E+00   3.369881528027137E+01   6.600000000000003E-01  -3.343587065733122E+01   3.109059951596189E+04   1.633307906671288E+03   6.998089264702795E+00   1.000000000000000E+00   1.000000000000000E-01   0.000000000000000E+00
   3.129999999999877E+00   3.371002819130421E+01   6.600000000000003E-01  -3.336225937863891E+01   3.174774667475027E+04   1.633851371956177E+03   6.998089264702795E+00   1.000000000000000E+00   1.000000000000000E-01   0.000000000000000E+00
   3.139999999999876E+00   3.372138238472405E+01   6.600000000000003E-01  -3.328895268279504E+01   3.241987827000095E+04   1.634401684889504E+03   6.998089264702795E+00   1.000000000000000E+00   1.000000000000000E-01   0.000000000000000E+00
   3.149999999999875E+00   3.373290614018959E+01   6.600000000000003E-01  -3.321594827724348E+01   3.310732991610794E+04   1.634960216124500E+03   6.998089264702795E+00   1.000000000000000E+00   1.000000000000000E-01   0.000000000000000E+00
   3.159999999999874E+00   3.374455607794227E+01   6.600000000000003E-01  -3.314324388546471E+01   3.381042298891315E+04   1.635524863139104E+03   6.998089264702795E+00   1.000000000000000E+00   1.000000000000000E-01   0.000000000000000E+00
   3.169999999999872E+00   3.375630665787798E+01   6.600000000000003E-01  -3.307083724301135E+01   3.452949304542772E+04   1.636094388060302E+03   6.998089264702795E+00   1.000000000000000E+00   1.000000000000000E-01   0.000000000000000E+00
   3.179999999999871E+00   3.376807685242449E+01   6.600000000000003E-01  -3.299872611206163E+01   3.526487694976149E+04   1.636664863658805E+03   6.998089264702795E+00   1.000000000000000E+00   1.000000000000000E-01   0.000000000000000E+00
   3.189999999999870E+00   3.377983826896792E+01   6.600000000000003E-01  -3.292690829091097E+01   3.601691591566415E+04   1.637234913806690E+03   6.998089264702795E+00   1.000000000000000E+00   1.000000000000000E-01   0.000000000000000E+00
   3.199999999999869E+00   3.379167205263786E+01   6.600000000000003E-01  -3.285538160908651E+01   3.678595381100188E+04   1.637808471430992E+03   6.998089264702795E+00   1.000000000000000E+00   1.000000000000000E-01   0.000000000000000E+00
   3.209999999999868E+00   3.380365568151041E+01   6.600000000000003E-01  -3.278414390263357E+01   3.757235261790763E+04   1.638389291724684E+03   6.998089264702795E+00   1.000000000000000E+00   1.000000000000000E-01   0.000000000000000E+00
   3.219999999999867E+00   3.381574037343246E+01   6.600000000000003E-01  -3.271319302634630E+01   3.837647818510142E+04   1.638975010323448E+03   6.998089264702795E+00   1.000000000000000E+00   1.000000000000000E-01   0.000000000000000E+00
   3.229999999999866E+00   3.382790852505090E+01   6.600000000000003E-01  -3.264252684932048E+01   3.919869957656824E+04   1.639564774031242E+03   6.998089264702795E+00   1.000000000000000E+00   1.000000000000000E-01   0.000000000000000E+00
   3.239999999999865E+00   3.384020207107369E+01   6.600000000000003E-01  -3.257214325750198E+01   4.003938312557868E+04   1.640160615331688E+03   6.998089264702795E+00   1.000000000000000E+00   1.000000000000000E-01   0.000000000000000E+00
   3.249999999999864E+00   3.385260247698925E+01   6.600000000000003E-01  -3.250204016836682E+01   4.089891720849924E+04   1.640761635897525E+03   6.998089264702795E+00   1.000000000000000E+00   1.000000000000000E-01   0.000000000000000E+00
   3.259999999999863E+00   3.386512477443367E+01   6.600000000000003E-01  -3.243221551307346E+01   4.177770887353431E+04   1.641368564279295E+03   6.998089264702795E+00   1.000000000000000E+00   1.000000000000000E-01   0.000000000000000E+00
   3.269999999999861E+00   3.387781345732049E+01   6.600000000000003E-01  -3.236266722758217E+01   4.267613668793236E+04   1.641983556999720E+03   6.998089264702795E+00   1.000000000000000E+00   1.000000000000000E-01   0.000000000000000E+00
   3.279999999999860E+00   3.389056761758961E+01   6.600000000000003E-01  -3.229339327115810E+01   4.359462739556919E+04   1.642601723265723E+03   6.998089264702795E+00   1.000000000000000E+00   1.000000000000000E-01   0.000000000000000E+00
   3.289999999999859E+00   3.390336346943053E+01   6.600000000000003E-01  -3.222439165325661E+01   4.453359673588668E+04   1.643221910231068E+03   6.998089264702795E+00   1.000000000000000E+00   1.000000000000000E-01   0.000000000000000E+00
   3.299999999999858E+00   3.391622618040520E+01   6.600000000000003E-01  -3.215566040186349E+01   4.549344009204508E+04   1.643845337712461E+03   6.998089264702795E+00   1.000000000000000E+00   1.000000000000000E-01   0.000000000000000E+00
   3.309999999999857E+00   3.392918423081157E+01   6.600000000000003E-01  -3.208719754338365E+01   4.647456617665094E+04   1.644473386087686E+03   6.998089264702795E+00   1.000000000000000E+00   1.000000000000000E-01   0.000000000000000E+00
   3.319999999999856E+00   3.394222738080136E+01   6.600000000000003E-01  -3.201900112755201E+01   4.747738584512789E+04   1.645105559053681E+03   6.998089264702795E+00   1.000000000000000E+00   1.000000000000000E-01   0.000000000000000E+00
   3.329999999999855E+00   3.395545337763308E+01   6.600000000000003E-01  -3.195106922505130E+01   4.850231915110622E+04   1.645746594206376E+03   6.998089264702795E+00   1.000000000000000E+00   1.000000000000000E-01   0.000000000000000E+00
   3.339999999999854E+00   3.396873795596323E+01   6.600000000000003E-01  -3.188339987475851E+01   4.954981589524137E+04   1.646390468676234E+03   6.998089264702795E+00   1.000000000000000E+00   1.000000000000000E-01   0.000000000000000E+00
   3.349999999999853E+00   3.398208049039077E+01   6.600000000000003E-01  -3.181599116649392E+01   5.062029992085116E+04   1.647037152151433E+03   6.998089264702795E+00   1.000000000000000E+00   1.000000000000000E-01   0.000000000000000E+00
   3.359999999999852E+00   3.399544182363336E+01   6.600000000000003E-01  -3.174884122385025E+01   5.171419542762778E+04   1.647684746764102E+03   6.998089264702795E+00   1.000000000000000E+00   1.000000000000000E-01   0.000000000000000E+00
   3.369999999999850E+00   3.400887302102542E+01   6.600000000000003E-01  -3.168194820861730E+01   5.283194122233301E+04   1.648335727539362E+03   6.998089264702795E+00   1.000000000000000E+00   1.000000000000000E-01   0.000000000000000E+00
   3.379999999999849E+00   3.402233387195019E+01   6.600000000000003E-01  -3.161531027978784E+01   5.397397629221855E+04   1.648988145556527E+03   6.998089264702795E+00   1.000000000000000E+00   1.000000000000000E-01   0.000000000000000E+00
   3.389999999999848E+00   3.403583024432120E+01   6.600000000000003E-01  -3.154892561971326E+01   5.514072482818332E+04   1.649642285220535E+03   6.998089264702795E+00   1.000000000000000E+00   1.000000000000000E-01   0.000000000000000E+00
   3.399999999999847E+00   3.404936854679902E+01   6.600000000000003E-01  -3.148279242540381E+01   5.633262209209178E+04   1.650298457145158E+03   6.998089264702795E+00   1.000000000000000E+00   1.000000000000000E-01   0.000000000000000E+00
   3.409999999999846E+00   3.406288998108558E+01   6.600000000000003E-01  -3.141690894263780E+01   5.755010753956647E+04   1.650953811505424E+03   6.998089264702795E+00   1.000000000000000E+00   1.000000000000000E-01   0.000000000000000E+00
   3.419999999999845E+00   3.407643075537699E+01   6.600000000000003E-01  -3.135127343525809E+01   5.879360331787646E+04   1.651610103233448E+03   6.998089264702795E+00   1.000000000000000E+00   1.000000000000000E-01   0.000000000000000E+00
   3.429999999999844E+00   3.409000091931108E+01   6.600000000000003E-01  -3.128588417653400E+01   6.006353962566081E+04   1.652267819413202E+03   6.998089264702795E+00   1.000000000000000E+00   1.000000000000000E-01   0.000000000000000E+00
   3.439999999999843E+00   3.410355707386339E+01   6.600000000000003E-01  -3.122073946835845E+01   6.136035525274683E+04   1.652924856588847E+03   6.998089264702795E+00   1.000000000000000E+00   1.000000000000000E-01   0.000000000000000E+00
   3.449999999999842E+00   3.411710139170447E+01   6.600000000000003E-01  -3.115583764210327E+01   6.268447595450481E+04   1.653581320064976E+03   6.998089264702795E+00   1.000000000000000E+00   1.000000000000000E-01   0.000000000000000E+00
   3.459999999999841E+00   3.413064837480275E+01   6.600000000000003E-01  -3.109117703779440E+01   6.403632076798549E+04   1.654237912720293E+03   6.998089264702795E+00   1.000000000000000E+00   1.000000000000000E-01   0.000000000000000E+00
   3.469999999999839E+00   3.414418674245290E+01   6.600000000000003E-01  -3.102675601221083E+01   6.541630293864754E+04   1.654894087803676E+03   6.998089264702795E+00   1.000000000000000E+00   1.000000000000000E-01   0.000000000000000E+00
   3.479999999999838E+00   3.415770455121530E+01   6.600000000000003E-01  -3.096257293300486E+01   6.682483709545287E+04   1.655549266442714E+03   6.998089264702795E+00   1.000000000000000E+00   1.000000000000000E-01   0.000000000000000E+00
   3.489999999999837E+00   3.417123304939260E+01   6.600000000000003E-01  -3.089862618749825E+01   6.826233608302529E+04   1.656204963174323E+03   6.998089264702795E+00   1.000000000000000E+00   1.000000000000000E-01   0.000000000000000E+00
   3.499999999999836E+00   3.418478678802267E+01   6.600000000000003E-01  -3.083491419375171E+01   6.972919353383359E+04   1.656861883255498E+03   6.998089264702795E+00   1.000000000000000E+00   1.000000000000000E-01   0.000000000000000E+00
   3.509999999999835E+00   3.419830441026532E+01   6.600000000000003E-01  -3.077143538583580E+01   7.122578321942530E+04   1.657517052854332E+03   6.998089264702795E+00   1.000000000000000E+00   1.000000000000000E-01   0.000000000000000E+00
   3.519999999999834E+00   3.421180386597835E+01   6.600000000000003E-01  -3.070818819115848E+01   7.275248232680440E+04   1.658171341961188E+03   6.998089264702795E+00   1.000000000000000E+00   1.000000000000000E-01   0.000000000000000E+00
   3.529999999999833E+00   3.422528741694367E+01   6.600000000000003E-01  -3.064517104136931E+01   7.430965312216664E+04   1.658824860199693E+03   6.998089264702795E+00   1.000000000000000E+00   1.000000000000000E-01   0.000000000000000E+00
   3.539999999999832E+00   3.423875990557188E+01   6.600000000000003E-01  -3.058238240343710E+01   7.589765000559310E+04   1.659477842270902E+03   6.998089264702795E+00   1.000000000000000E+00   1.000000000000000E-01   0.000000000000000E+00
   3.549999999999831E+00   3.425219428777939E+01   6.600000000000003E-01  -3.051982075763289E+01   7.751683386728853E+04   1.660128977407205E+03   6.998089264702795E+00   1.000000000000000E+00   1.000000000000000E-01   0.000000000000000E+00
   3.559999999999830E+00   3.426560847322515E+01   6.600000000000003E-01  -3.045748458709884E+01   7.916752938024576E+04   1.660779133650618E+03   6.998089264702795E+00   1.000000000000000E+00   1.000000000000000E-01   0.000000000000000E+00
   3.569999999999828E+00   3.427897907602281E+01   6.600000000000003E-01  -3.039537238977955E+01   8.085003688990844E+04   1.661427177538357E+03   6.998089264702795E+00   1.000000000000000E+00   1.000000000000000E-01   0.000000000000000E+00
   3.579999999999827E+00   3.429229214043664E+01   6.600000000000003E-01  -3.033348268491211E+01   8.256465504088609E+04   1.662072432666416E+03   6.998089264702795E+00   1.000000000000000E+00   1.000000000000000E-01   0.000000000000000E+00
   3.589999999999826E+00   3.430557181634332E+01   6.600000000000003E-01  -3.027181400355719E+01   8.431166008503943E+04   1.662716069526525E+03   6.998089264702795E+00   1.000000000000000E+00   1.000000000000000E-01   0.000000000000000E+00
   3.599999999999825E+00   3.431881932509233E+01   6.600000000000003E-01  -3.021036490025303E+01   8.609130188869065E+04   1.663358147314824E+03   6.998089264702795E+00   1.000000000000000E+00   1.000000000000000E-01   0.000000000000000E+00
   3.609999999999824E+00   3.433213039276782E+01   6.600000000000003E-01  -3.014913393898259E+01   8.790379449855335E+04   1.664003305665342E+03   6.998089264702795E+00   1.000000000000000E+00   1.000000000000000E-01   0.000000000000000E+00
   3.619999999999823E+00   3.434548260708117E+01   6.600000000000003E-01  -3.008811969059797E+01   8.974928909764608E+04   1.664650458303445E+03   6.998089264702795E+00   1.000000000000000E+00   1.000000000000000E-01   0.000000000000000E+00
   3.629999999999822E+00   3.435878731085239E+01   6.600000000000003E-01  -3.002732073471875E+01   9.162795309724718E+04   1.665295308209436E+03   6.998089264702795E+00   1.000000000000000E+00   1.000000000000000E-01   0.000000000000000E+00
   3.639999999999821E+00   3.437204472489064E+01   6.600000000000003E-01  -2.996673567675096E+01   9.353992774246643E+04   1.665937866085449E+03   6.998089264702795E+00   1.000000000000000E+00   1.000000000000000E-01   0.000000000000000E+00
   3.649999999999820E+00   3.438526669170065E+01   6.600000000000003E-01  -2.990636313702354E+01   9.548531766221605E+04   1.666578705911802E+03   6.998089264702795E+00   1.000000000000000E+00   1.000000000000000E-01   0.000000000000000E+00
   3.659999999999819E+00   3.439847172761277E+01   6.600000000000003E-01  -2.984620177269112E+01   9.746422617240815E+04   1.667218725134549E+03   6.998089264702795E+00   1.000000000000000E+00   1.000000000000000E-01   0.000000000000000E+00
   3.669999999999817E+00   3.441161270486153E+01   6.600000000000003E-01  -2.978625024401046E+01   9.947670552802931E+04   1.667855639573923E+03   6.998089264702795E+00   1.000000000000000E+00   1.000000000000000E-01   0.000000000000000E+00
   3.679999999999816E+00   3.442471686821993E+01   6.600000000000003E-01  -2.972650721567823E+01   1.015227961735393E+05   1.668490769724510E+03   6.998089264702795E+00   1.000000000000000E+00   1.000000000000000E-01   0.000000000000000E+00
   3.689999999999815E+00   3.443785816209556E+01   6.600000000000003E-01  -2.966697137805098E+01   1.036025415146120E+05   1.669127699510096E+03   6.998089264702795E+00   1.000000000000000E+00   1.000000000000000E-01   0.000000000000000E+00
   3.699999999999814E+00   3.445100182399923E+01   6.600000000000003E-01  -2.960764143133009E+01   1.057159449261218E+05   1.669764744068824E+03   6.998089264702795E+00   1.000000000000000E+00   1.000000000000000E-01   0.000000000000000E+00
   3.709999999999813E+00   3.446413904153941E+01   6.600000000000003E-01  -2.954851608688505E+01   1.078629100671365E+05   1.670401476283343E+03   6.998089264702795E+00   1.000000000000000E+00   1.000000000000000E-01   0.000000000000000E+00
   3.719999999999812E+00   3.447726020613845E+01   6.600000000000003E-01  -2.948959405390770E+01   1.100432942138306E+05   1.671037430446897E+03   6.998089264702795E+00   1.000000000000000E+00   1.000000000000000E-01   0.000000000000000E+00
   3.729999999999811E+00   3.449036475030992E+01   6.600000000000003E-01  -2.943087406809919E+01   1.122569570382012E+05   1.671672579054661E+03   6.998089264702795E+00   1.000000000000000E+00   1.000000000000000E-01   0.000000000000000E+00
   3.739999999999810E+00   3.450342342690440E+01   6.600000000000003E-01  -2.937235487441040E+01   1.145037072748500E+05   1.672305504561243E+03   6.998089264702795E+00   1.000000000000000E+00   1.000000000000000E-01   0.000000000000000E+00
   3.749999999999809E+00   3.451647592585842E+01   6.600000000000003E-01  -2.931403522642680E+01   1.167832874586273E+05   1.672938130651094E+03   6.998089264702795E+00   1.000000000000000E+00   1.000000000000000E-01   0.000000000000000E+00
   3.759999999999807E+00   3.452949750771231E+01   6.600000000000003E-01  -2.925591388011671E+01   1.190953836084688E+05   1.673569258256692E+03   6.998089264702795E+00   1.000000000000000E+00   1.000000000000000E-01   0.000000000000000E+00
   3.769999999999806E+00   3.454252338559746E+01   6.600000000000003E-01  -2.919798961961857E+01   1.214396522046688E+05   1.674200594081534E+03   6.998089264702795E+00   1.000000000000000E+00   1.000000000000000E-01   0.000000000000000E+00
   3.779999999999805E+00   3.455553145169358E+01   6.600000000000003E-01  -2.914026123781134E+01   1.238157585793548E+05   1.674831066607900E+03   6.998089264702795E+00   1.000000000000000E+00   1.000000000000000E-01   0.000000000000000E+00
   3.789999999999804E+00   3.456846918941526E+01   6.600000000000003E-01  -2.908272754616462E+01   1.262232487847908E+05   1.675458130471703E+03   6.998089264702795E+00   1.000000000000000E+00   1.000000000000000E-01   0.000000000000000E+00
   3.799999999999803E+00   3.458130251338225E+01   6.600000000000003E-01  -2.902538736065562E+01   1.286616192871403E+05   1.676080133629079E+03   6.998089264702795E+00   1.000000000000000E+00   1.000000000000000E-01   0.000000000000000E+00
   3.809999999999802E+00   3.459404438851188E+01   6.600000000000003E-01  -2.896823951028808E+01   1.311303004469583E+05   1.676697704461228E+03   6.998089264702795E+00   1.000000000000000E+00   1.000000000000000E-01   0.000000000000000E+00
   3.819999999999801E+00   3.460672239587901E+01   6.600000000000003E-01  -2.891128284519386E+01   1.336286496621996E+05   1.677312179762551E+03   6.998089264702795E+00   1.000000000000000E+00   1.000000000000000E-01   0.000000000000000E+00
   3.829999999999800E+00   3.461935624271901E+01   6.600000000000003E-01  -2.885451622181213E+01   1.361559963627672E+05   1.677924514699665E+03   6.998089264702795E+00   1.000000000000000E+00   1.000000000000000E-01   0.000000000000000E+00
   3.839999999999799E+00   3.463191037353048E+01   6.600000000000003E-01  -2.879793849610847E+01   1.387116141433509E+05   1.678532985975144E+03   6.998089264702795E+00   1.000000000000000E+00   1.000000000000000E-01   0.000000000000000E+00
   3.849999999999798E+00   3.464441516230716E+01   6.600000000000003E-01  -2.874154852866871E+01   1.412946716743608E+05   1.679139065750067E+03   6.998089264702795E+00   1.000000000000000E+00   1.000000000000000E-01   0.000000000000000E+00
   3.859999999999796E+00   3.465685998916535E+01   6.600000000000003E-01  -2.868534520576858E+01   1.439042461810114E+05   1.679742239301883E+03   6.998089264702795E+00   1.000000000000000E+00   1.000000000000000E-01   0.000000000000000E+00
   3.869999999999795E+00   3.466923808355573E+01   6.600000000000003E-01  -2.862932742161317E+01   1.465393652609506E+05   1.680342178476871E+03   6.998089264702795E+00   1.000000000000000E+00   1.000000000000000E-01   0.000000000000000E+00
   3.879999999999794E+00   3.468154827309287E+01   6.600000000000003E-01  -2.857349408838185E+01   1.491989942332911E+05   1.680938826452073E+03   6.998089264702795E+00   1.000000000000000E+00   1.000000000000000E-01   0.000000000000000E+00
   3.889999999999793E+00   3.469378679902056E+01   6.600000000000003E-01  -2.851784413145789E+01   1.518820406169751E+05   1.681532001048790E+03   6.998089264702795E+00   1.000000000000000E+00   1.000000000000000E-01   0.000000000000000E+00
   3.899999999999792E+00   3.470599701846043E+01   6.600000000000003E-01  -2.846237646657848E+01   1.545873713928842E+05   1.682123803691923E+03   6.998089264702795E+00   1.000000000000000E+00   1.000000000000000E-01   0.000000000000000E+00
   3.909999999999791E+00   3.471815576148205E+01   6.600000000000003E-01  -2.840709001269429E+01   1.573137250056133E+05   1.682713111385598E+03   6.998089264702795E+00   1.000000000000000E+00   1.000000000000000E-01   0.000000000000000E+00
   3.919999999999790E+00   3.473027523957987E+01   6.600000000000003E-01  -2.835198372969490E+01   1.600597371881681E+05   1.683300515994254E+03   6.998089264702795E+00   1.000000000000000E+00   1.000000000000000E-01   0.000000000000000E+00
   3.929999999999789E+00   3.474238116145933E+01   6.600000000000003E-01  -2.829705656828913E+01   1.628241290003425E+05   1.683887263562643E+03   6.998089264702795E+00   1.000000000000000E+00   1.000000000000000E-01   0.000000000000000E+00
   3.939999999999788E+00   3.475450040809145E+01   6.600000000000003E-01  -2.824230748432112E+01   1.656054617553822E+05   1.684474656952662E+03   6.998089264702795E+00   1.000000000000000E+00   1.000000000000000E-01   0.000000000000000E+00
   3.949999999999787E+00   3.476655197261412E+01   6.600000000000003E-01  -2.818773547180782E+01   1.684020767442448E+05   1.685058769938801E+03   6.998089264702795E+00   1.000000000000000E+00   1.000000000000000E-01   0.000000000000000E+00
   3.959999999999785E+00   3.477851532795200E+01   6.600000000000003E-01  -2.813333951860671E+01   1.712123151143409E+05   1.685638607618586E+03   6.998089264702795E+00   1.000000000000000E+00   1.000000000000000E-01   0.000000000000000E+00
   3.969999999999784E+00   3.479039940518282E+01   6.600000000000003E-01  -2.807911861707401E+01   1.740344718863161E+05   1.686214602861837E+03   6.998089264702795E+00   1.000000000000000E+00   1.000000000000000E-01   0.000000000000000E+00
   3.979999999999783E+00   3.480221663595984E+01   6.600000000000003E-01  -2.802507177241450E+01   1.768668077256071E+05   1.686787358203606E+03   6.998089264702795E+00   1.000000000000000E+00   1.000000000000000E-01   0.000000000000000E+00
   3.989999999999782E+00   3.481394187413915E+01   6.600000000000003E-01  -2.797119800464378E+01   1.797074421582081E+05   1.687355654865271E+03   6.998089264702795E+00   1.000000000000000E+00   1.000000000000000E-01   0.000000000000000E+00
   3.999999999999781E+00   3.482558383216296E+01   6.600000000000003E-01  -2.791749632602065E+01   1.825544727316186E+05   1.687919915119860E+03   6.998089264702795E+00   1.000000000000000E+00   1.000000000000000E-01   0.000000000000000E+00
   4.009999999999780E+00   3.483718559943544E+01   6.600000000000003E-01  -2.786396575966625E+01   1.854059116749733E+05   1.688482227416596E+03   6.998089264702795E+00   1.000000000000000E+00   1.000000000000000E-01   0.000000000000000E+00
   4.019999999999779E+00   3.484868287708524E+01   6.600000000000003E-01  -2.781060534369358E+01   1.882596058613323E+05   1.689039475329748E+03   6.998089264702795E+00   1.000000000000000E+00   1.000000000000000E-01   0.000000000000000E+00
   4.029999999999778E+00   3.486014048575876E+01   6.600000000000003E-01  -2.775741413135604E+01   1.911133259639078E+05   1.689594800574340E+03   6.998089264702795E+00   1.000000000000000E+00   1.000000000000000E-01   0.000000000000000E+00
   4.039999999999777E+00   3.487152736423014E+01   6.600000000000003E-01  -2.770439115563444E+01   1.939648132600198E+05   1.690146697680661E+03   6.998089264702795E+00   1.000000000000000E+00   1.000000000000000E-01   0.000000000000000E+00
   4.049999999999776E+00   3.488280650218622E+01   6.600000000000003E-01  -2.765153547862545E+01   1.968116855719944E+05   1.690693372839739E+03   6.998089264702795E+00   1.000000000000000E+00   1.000000000000000E-01   0.000000000000000E+00
   4.059999999999775E+00   3.489399333423597E+01   6.600000000000003E-01  -2.759884618844049E+01   1.996514562080333E+05   1.691235574133331E+03   6.998089264702795E+00   1.000000000000000E+00   1.000000000000000E-01   0.000000000000000E+00
   4.069999999999774E+00   3.490512742037605E+01   6.600000000000003E-01  -2.754632236192901E+01   2.024816334863346E+05   1.691775218947991E+03   6.998089264702795E+00   1.000000000000000E+00   1.000000000000000E-01   0.000000000000000E+00
