'D'-form resistance scalars, generated 28/03/2022 11:08:27
             s'          lambda           gamma              XA              YA              YB              XC              YC              XG              YG              YH              XM              YM              ZM 
 2.00001000e+00  1.00000000e+00  0.00000000e+00  2.50013619e+04  1.52595594e+00 -1.51148449e+00  4.79475617e-02  2.46536395e+00  2.50014228e+04  7.55713936e-01  2.40396211e-01  1.66676687e+04  1.29839954e+00  2.35404761e-02
 2.00001000e+00  1.00000000e+00  1.00000000e+00 -2.50013588e+04 -1.52134920e+00  1.51378276e+00 -3.12732101e-02  5.56004869e-01 -2.50014127e+04 -7.43545827e-01  1.23762188e+00  1.66676381e+04  1.96702235e-01 -1.07941958e-02
 2.00002000e+00  1.00000000e+00  0.00000000e+00  1.25012060e+04  1.41043141e+00 -1.39596840e+00  4.79306840e-02  2.28055009e+00  1.25012668e+04  6.97955890e-01  2.17300554e-01  8.33423141e+03  1.20598248e+00  2.35320372e-02
 2.00002000e+00  1.00000000e+00  1.00000000e+00 -1.25012028e+04 -1.40582467e+00  1.39826667e+00 -3.12563324e-02  5.09803428e-01 -1.25012567e+04 -6.85787782e-01  1.14520988e+00  8.33420078e+03  1.73612316e-01 -1.07857569e-02
 2.00005000e+00  1.00000000e+00  0.00000000e+00  5.00099980e+03  1.25771629e+00 -1.24327651e+00  4.78842209e-02  2.03627578e+00  5.00106072e+03  6.21609945e-01  1.86782992e-01  3.33409400e+03  1.08381744e+00  2.35088056e-02
 2.00005000e+00  1.00000000e+00  1.00000000e+00 -5.00099665e+03 -1.25310955e+00  1.24557478e+00 -3.12098693e-02  4.48740425e-01 -5.00105062e+03 -6.09441836e-01  1.02305878e+00  3.33406339e+03  1.43110551e-01 -1.07625254e-02
 2.00010000e+00  1.00000000e+00  0.00000000e+00  2.50084386e+03  1.14219176e+00 -1.12778747e+00  4.78132443e-02  1.85154328e+00  2.50090482e+03  5.63865424e-01  1.63716981e-01  1.66732342e+03  9.91408607e-01  2.34733173e-02
 2.00010000e+00  1.00000000e+00  1.00000000e+00 -2.50084070e+03 -1.13758502e+00  1.13008574e+00 -3.11388927e-02  4.02565818e-01 -2.50089472e+03 -5.51697315e-01  9.30671242e-01  1.66729284e+03  1.20068673e-01 -1.07270371e-02
 2.00020000e+00  1.00000000e+00  0.00000000e+00  1.25068792e+03  1.02666723e+00 -1.01232814e+00  4.76828435e-02  1.66690015e+00  1.25074897e+03  5.06135759e-01  1.40683534e-01  8.33886229e+02  8.99008804e-01  2.34081170e-02
 2.00020000e+00  1.00000000e+00  1.00000000e+00 -1.25068477e+03 -1.02206049e+00  1.01462641e+00 -3.10084919e-02  3.56420684e-01 -1.25073887e+03 -4.93967651e-01  8.38310559e-01  8.33855687e+02  9.70795624e-02 -1.06618367e-02
 2.00050000e+00  1.00000000e+00  0.00000000e+00  5.00481809e+02  8.73952109e-01 -8.59787771e-01  4.73333414e-02  1.42308161e+00  5.00543099e+02  4.29865574e-01  1.10332037e-01  3.33749079e+02  7.76889831e-01  2.32333659e-02
 2.00050000e+00  1.00000000e+00  1.00000000e+00 -5.00478657e+02 -8.69345364e-01  8.62086036e-01 -3.06589898e-02  2.95507989e-01 -5.00532998e+02 -4.17697465e-01  7.16296436e-01  3.33718654e+02  6.68468959e-02 -1.04870856e-02
 2.00100000e+00  1.00000000e+00  0.00000000e+00  2.50325935e+02  7.58427579e-01 -7.44522183e-01  4.68154574e-02  1.23902126e+00  2.50387574e+02  3.72232780e-01  8.75109316e-02  1.66978876e+02  6.84548925e-01  2.29744239e-02
 2.00100000e+00  1.00000000e+00  1.00000000e+00 -2.50322782e+02 -7.53820834e-01  7.46820448e-01 -3.01411058e-02  2.49555047e-01 -2.50377473e+02 -3.60064671e-01  6.24110896e-01  1.66948623e+02  4.42018709e-02 -1.02281436e-02
 2.00200000e+00  1.00000000e+00  0.00000000e+00  1.25171997e+02  6.43955712e-01 -6.30272709e-01  4.59593671e-02  1.05630542e+00  1.25233632e+02  3.15134853e-01  6.51886170e-02  8.35428857e+01  5.92668829e-01  2.25359932e-02
 2.00200000e+00  1.00000000e+00  1.00000000e+00 -1.25168904e+02 -6.39443283e-01  6.32663491e-01 -2.94820532e-02  2.04386187e-01 -1.25223578e+02 -3.03025447e-01  5.32680972e-01  8.35129184e+01  2.22938893e-02 -9.94287718e-03
 2.00500000e+00  1.00000000e+00  0.00000000e+00  4.99718174e+01  4.94367057e-01 -4.81148246e-01  4.38067222e-02  8.17681176e-01  5.00331702e+01  2.40651045e-01  3.67530913e-02  3.34090442e+01  4.72038183e-01  2.14284869e-02
 2.00500000e+00  1.00000000e+00  1.00000000e+00 -4.99688999e+01 -4.90137337e-01  4.83816458e-01 -2.79185563e-02  1.46196179e-01 -5.00232555e+01 -2.28717162e-01  4.13275139e-01  3.33797986e+01 -5.04549335e-03 -9.29238637e-03
 2.01000000e+00  1.00000000e+00  0.00000000e+00  2.48256969e+01  3.83950593e-01 -3.71200331e-01  4.08606458e-02  6.41327939e-01  2.48861851e+01  1.85801294e-01  1.67683644e-02  1.66438868e+01  3.82044728e-01  1.99033992e-02
 2.01000000e+00  1.00000000e+00  1.00000000e+00 -2.48230728e+01 -3.80191269e-01  3.74330513e-01 -2.59478793e-02  1.04427592e-01 -2.48765044e+01 -1.74158006e-01  3.25127045e-01  1.66156414e+01 -2.34396306e-02 -8.52080640e-03
 2.02000000e+00  1.00000000e+00  0.00000000e+00  1.21890903e+01  2.78273956e-01 -2.65947902e-01  3.61071690e-02  4.71452831e-01  1.22472236e+01  1.33400472e-01 -8.65444068e-04  8.21664320e+00  2.94142254e-01  1.74223779e-02
 2.02000000e+00  1.00000000e+00  1.00000000e+00 -1.21870524e+01 -2.75452461e-01  2.70000372e-01 -2.31210506e-02  6.62949855e-02 -1.22380133e+01 -1.22331133e-01  2.40559889e-01  8.19005993e+00 -3.83451073e-02 -7.51664525e-03
 2.02500000e+00  1.00000000e+00  0.00000000e+00  9.64331455e+00  2.48604064e-01 -2.38362468e-01  3.63719888e-02  4.27258711e-01  9.70286250e+00  1.19994187e-01 -4.53246843e-03  6.52032639e+00  2.71181459e-01  1.75858552e-02
 2.02500000e+00  1.00000000e+00  1.00000000e+00 -9.64024419e+00 -2.44106205e-01  2.40398139e-01 -2.09050907e-02  5.48800800e-02 -9.69284692e+00 -1.08496553e-01  2.15574091e-01  6.49117894e+00 -4.05495673e-02 -5.87211853e-03
 2.05000000e+00  1.00000000e+00  0.00000000e+00  4.54428848e+00  1.57970190e-01 -1.49421533e-01  3.00939764e-02  2.81002604e-01  4.59946443e+00  7.61231661e-02 -1.54957765e-02  3.11448329e+00  1.92625805e-01  1.46725333e-02
 2.05000000e+00  1.00000000e+00  1.00000000e+00 -4.54123541e+00 -1.53668169e-01  1.51274717e-01 -1.59159775e-02  2.52634783e-02 -4.58949448e+00 -6.53342406e-02  1.41246780e-01  3.08650759e+00 -4.63933908e-02 -4.13912416e-03
 2.10000000e+00  1.00000000e+00  0.00000000e+00  1.98302727e+00  8.54881734e-02 -7.87200205e-02  2.20132722e-02  1.60218249e-01  2.02893624e+00  4.15995248e-02 -1.95709762e-02  1.39372146e+00  1.24088972e-01  1.08358284e-02
 2.10000000e+00  1.00000000e+00  1.00000000e+00 -1.98001388e+00 -8.15570818e-02  8.02803087e-02 -1.01010763e-02  5.78853833e-03 -2.01910397e+00 -3.20936923e-02  7.96011025e-02  1.36724748e+00 -4.27079447e-02 -2.18528452e-03
 2.20000000e+00  1.00000000e+00  0.00000000e+00  7.42432772e-01  3.69640429e-02 -3.18514463e-02  1.31546697e-02  7.38275707e-02  7.73227311e-01  1.88722350e-02 -1.63494616e-02  5.44944952e-01  6.95115608e-02  6.63459258e-03
 2.20000000e+00  1.00000000e+00  1.00000000e+00 -7.39516284e-01 -3.36959242e-02  3.29914488e-02 -4.73338362e-03 -2.26119638e-03 -7.63827223e-01 -1.14867089e-02  3.55069952e-02  5.20944969e-01 -2.95283247e-02 -6.80321345e-04
 2.30000000e+00  1.00000000e+00  0.00000000e+00  3.71611562e-01  1.99327384e-02 -1.57555903e-02  8.43422214e-03  4.08419151e-02  3.92230462e-01  1.08911654e-02 -1.21830063e-02  2.82627557e-01  4.51103257e-02  4.38946023e-03
 2.30000000e+00  1.00000000e+00  1.00000000e+00 -3.68815045e-01 -1.72250593e-02  1.66152505e-02 -2.45219346e-03 -2.83069032e-03 -3.83427312e-01 -5.13757717e-03  1.88533866e-02  2.61262254e-01 -1.96074937e-02 -2.21078089e-04
 2.40000000e+00  1.00000000e+00  0.00000000e+00  2.11759618e-01  1.21032403e-02 -8.61568422e-03  5.63214754e-03  2.47556377e-02  2.25722096e-01  7.11745258e-03 -8.96520029e-03  1.65760065e-01  3.12834254e-02  3.03463080e-03
 2.40000000e+00  1.00000000e+00  1.00000000e+00 -2.09103215e-01 -9.86194015e-03  9.27998006e-03 -1.35057278e-03 -2.27890718e-03 -2.17623348e-01 -2.61601103e-03  1.08982059e-02  1.47142348e-01 -1.30045280e-02 -6.87445873e-05
 2.50000000e+00  1.00000000e+00  0.00000000e+00  1.30587844e-01  7.94248740e-03 -5.01308932e-03  3.87038257e-03  1.58948855e-02  1.40176759e-01  5.00882120e-03 -6.62859025e-03  1.04574575e-01  2.25314602e-02  2.15977677e-03
 2.50000000e+00  1.00000000e+00  1.00000000e+00 -1.28088697e-01 -6.08567442e-03  5.53522446e-03 -7.78084306e-04 -1.66802692e-03 -1.32840009e-01 -1.46917615e-03  6.64214891e-03  8.86348120e-02 -8.68293491e-03 -1.73489532e-05
 2.60000000e+00  1.00000000e+00  0.00000000e+00  8.51289883e-02  5.50777081e-03 -3.04274286e-03  2.71995255e-03  1.06302484e-02  9.18029047e-02  3.69457052e-03 -4.94398013e-03  6.93487274e-02  1.66311101e-02  1.56968868e-03
 2.60000000e+00  1.00000000e+00  1.00000000e+00 -8.27987862e-02 -3.96627172e-03  3.45853634e-03 -4.64569275e-04 -1.18484500e-03 -8.52407165e-02 -8.95552993e-04  4.20238866e-03  5.58844886e-02 -5.85056027e-03 -7.62088652e-07
 2.70000000e+00  1.00000000e+00  0.00000000e+00  5.78882543e-02  3.97983911e-03 -1.90451266e-03  1.94729529e-03  7.33360303e-03  6.25855485e-02  2.81106859e-03 -3.72299549e-03  4.77170448e-02  1.24919666e-02  1.15948663e-03
 2.70000000e+00  1.00000000e+00  1.00000000e+00 -5.57333611e-02 -2.69643637e-03  2.23891602e-03 -2.85765381e-04 -8.34596893e-04 -5.67766814e-02 -5.84811358e-04  2.73623100e-03  3.64548373e-02 -3.98201585e-03  3.75092620e-06
 2.80000000e+00  1.00000000e+00  0.00000000e+00  4.07115914e-02  2.96804864e-03 -1.21963841e-03  1.41655228e-03  5.18566799e-03  4.40454539e-02  2.18546930e-03 -2.82952324e-03  3.37869448e-02  9.50923710e-03  8.67943535e-04
 2.80000000e+00  1.00000000e+00  1.00000000e+00 -3.87335682e-02 -1.89595853e-03  1.49066343e-03 -1.80326949e-04 -5.88930739e-04 -3.89458470e-02 -4.04435634e-04  1.82410817e-03  2.44301460e-02 -2.73835851e-03  4.24695058e-06
 2.90000000e+00  1.00000000e+00  0.00000000e+00  2.94352986e-02  2.26919630e-03 -7.94773579e-04  1.04503839e-03  3.74211421e-03  3.18141496e-02  1.72583346e-03 -2.16921957e-03  2.44805135e-02  7.31756518e-03  6.57136175e-04
 2.90000000e+00  1.00000000e+00  1.00000000e+00 -2.76306852e-02 -1.37037646e-03  1.01586401e-03 -1.16361451e-04 -4.17682547e-04 -2.73648027e-02 -2.92746667e-04  1.24032630e-03  1.67408095e-02 -1.90259895e-03  3.58282880e-06
 3.00000000e+00  1.00000000e+00  0.00000000e+00  2.17831883e-02  1.76987418e-03 -5.24762424e-04  7.80703820e-04  2.74757764e-03  2.34840176e-02  1.37915514e-03 -1.67690957e-03  1.80775586e-02  5.68315143e-03  5.02547937e-04
 3.00000000e+00  1.00000000e+00  1.00000000e+00 -2.01454222e-02 -1.01348119e-03  7.06153925e-04 -7.65874461e-05 -2.98345864e-04 -1.96201408e-02 -2.19510613e-04  8.58037593e-04  1.16915155e-02 -1.33538381e-03  2.73383616e-06
 3.10000000e+00  1.00000000e+00  0.00000000e+00  1.64445705e-02  1.40315466e-03 -3.49812359e-04  5.89895777e-04  2.04760985e-03  1.76586622e-02  1.11259107e-03 -1.30634342e-03  1.35647769e-02  4.44967748e-03  3.87821400e-04
 3.10000000e+00  1.00000000e+00  1.00000000e+00 -1.49641627e-02 -7.64192298e-04  4.99372745e-04 -5.13117454e-05 -2.14652171e-04 -1.43137661e-02 -1.69082683e-04  6.02566816e-04  8.30146551e-03 -9.46508251e-04  1.99566337e-06
 3.20000000e+00  1.00000000e+00  0.00000000e+00  1.26294364e-02  1.12764856e-03 -2.34628152e-04  4.50368613e-04  1.54602634e-03  1.34910876e-02  9.04649515e-04 -1.02507480e-03  1.03191958e-02  3.50950671e-03  3.01778642e-04
 3.20000000e+00  1.00000000e+00  1.00000000e+00 -1.12954865e-02 -5.85832640e-04  3.58530322e-04 -3.49341520e-05 -1.55951041e-04 -1.06014540e-02 -1.32917112e-04  4.29187924e-04  5.98129220e-03 -6.77267058e-04  1.42677238e-06
 3.30000000e+00  1.00000000e+00  0.00000000e+00  9.84666836e-03  9.16726048e-04 -1.57833875e-04  3.47135714e-04  1.18095604e-03  1.04512548e-02  7.40556647e-04 -8.09882794e-04  7.94476422e-03  2.78661100e-03  2.36636048e-04
 3.30000000e+00  1.00000000e+00  1.00000000e+00 -8.64770103e-03 -4.55564366e-04  2.60924521e-04 -2.41344353e-05 -1.14263462e-04 -7.95806404e-03 -1.06109147e-04  3.09546250e-04  4.36665509e-03 -4.89043021e-04  1.01073469e-06
 3.40000000e+00  1.00000000e+00  0.00000000e+00  7.77951788e-03  7.52659128e-04 -1.06104818e-04  2.69931641e-04  9.11563008e-04  8.19579111e-03  6.09857874e-04 -6.44012581e-04  6.18164139e-03  2.22646946e-03  1.86889617e-04
 3.40000000e+00  1.00000000e+00  1.00000000e+00 -6.70373447e-03 -3.58705176e-04  1.92232310e-04 -1.68984598e-05 -8.44252547e-05 -6.04566874e-03 -8.57172194e-05  2.25840537e-04  3.22607973e-03 -3.56222415e-04  7.14023282e-07
 3.50000000e+00  1.00000000e+00  0.00000000e+00  6.21897250e-03  6.23297663e-04 -7.09778772e-05  2.11619922e-04  7.10317546e-04  6.49695018e-03  5.04940573e-04 -5.15256546e-04  4.85537213e-03  1.78935914e-03  1.48596385e-04
 3.50000000e+00  1.00000000e+00  1.00000000e+00 -5.25490393e-03 -2.85554055e-04  1.43215952e-04 -1.19790256e-05 -6.28938363e-05 -4.64259072e-03 -6.98909428e-05  1.66533943e-04  2.40946684e-03 -2.61648787e-04  5.04890490e-07
 3.60000000e+00  1.00000000e+00  0.00000000e+00  5.02435615e-03  5.20101971e-04 -4.69822205e-05  1.67172538e-04  5.58309848e-04  5.20063797e-03  4.20147043e-04 -4.14642314e-04  3.84627034e-03  1.44602505e-03  1.18899495e-04
 3.60000000e+00  1.00000000e+00  1.00000000e+00 -4.16093472e-03 -2.29544134e-04  1.07798871e-04 -8.58934036e-06 -4.72290888e-05 -3.60041112e-03 -5.74150124e-05  1.24023485e-04  1.81770912e-03 -1.93722291e-04  3.58150382e-07
 3.70000000e+00  1.00000000e+00  0.00000000e+00  4.09786261e-03  4.36937487e-04 -3.05271900e-05  1.33003515e-04  4.42335128e-04  4.19950899e-03  3.51204393e-04 -3.35520863e-04  3.07056462e-03  1.17469990e-03  9.57080044e-05
 3.70000000e+00  1.00000000e+00  1.00000000e+00 -3.32483341e-03 -1.86133816e-04  8.19135936e-05 -6.22457217e-06 -3.57401735e-05 -2.81737181e-03 -4.74594483e-05  9.32224730e-05  1.38403611e-03 -1.44523709e-04  2.55218024e-07
 3.80000000e+00  1.00000000e+00  0.00000000e+00  3.37098767e-03  3.69312866e-04 -1.92248397e-05  1.06526527e-04  3.53036143e-04  3.41808238e-03  2.94843812e-04 -2.72926490e-04  2.46874686e-03  9.59046614e-04  7.74774320e-05
 3.80000000e+00  1.00000000e+00  1.00000000e+00 -2.67888960e-03 -1.52121689e-04  6.27946823e-05 -4.55572923e-06 -2.72472394e-05 -2.22293349e-03 -3.94377561e-05  7.06805773e-05  1.06293603e-03 -1.08610960e-04  1.82850139e-07
 3.90000000e+00  1.00000000e+00  0.00000000e+00  2.79473785e-03  3.13884779e-04 -1.14686918e-05  8.58567968e-05  2.83694133e-04  2.80224817e-03  2.48538123e-04 -2.23123330e-04  1.99790546e-03  7.86707963e-04  6.30572610e-05
 3.90000000e+00  1.00000000e+00  1.00000000e+00 -2.17493653e-03 -1.25212258e-04  4.85352551e-05 -3.36531672e-06 -2.09208201e-05 -1.76737815e-03 -3.29233561e-05  5.40276505e-05  8.22908879e-04 -8.21917390e-05  1.31773726e-07
 4.00000000e+00  1.00000000e+00  0.00000000e+00  2.33347900e-03  2.68127926e-04 -6.16707104e-06  6.96075063e-05  2.29426909e-04  2.31261504e-03  2.10316164e-04 -1.83281150e-04  1.62668148e-03  6.48270459e-04  5.15836823e-05
 4.00000000e+00  1.00000000e+00  1.00000000e+00 -1.77812560e-03 -1.03734223e-04  3.78034514e-05 -2.50762826e-06 -1.61732882e-05 -1.41512673e-03 -2.75984901e-05  4.16164049e-05  6.41880247e-04 -6.26137451e-05  9.55489046e-08
 4.10000000e+00  1.00000000e+00  0.00000000e+00  1.96116730e-03  2.30110186e-04 -2.57159941e-06  5.67490268e-05  1.86648000e-04  1.92026871e-03  1.78628726e-04 -1.51241601e-04  1.33195290e-03  5.36515871e-04  4.24033550e-05
 4.10000000e+00  1.00000000e+00  1.00000000e+00 -1.46327687e-03 -8.64538669e-05  2.96580118e-05 -1.88383824e-06 -1.25851322e-05 -1.14068107e-03 -2.32218246e-05  3.22894308e-05  5.04225004e-04 -4.80034292e-05  6.97164459e-08
 4.20000000e+00  1.00000000e+00  0.00000000e+00  1.65818287e-03  1.98336299e-04 -1.65328323e-07  4.65104581e-05  1.52696324e-04  1.60352265e-03  1.52250072e-04 -1.25348338e-04  1.09640253e-03  4.45875201e-04  3.50186845e-05
 4.20000000e+00  1.00000000e+00  1.00000000e+00 -1.21145554e-03 -7.24490670e-05  2.34264515e-05 -1.42614137e-06 -9.85457406e-06 -9.25169802e-04 -1.96071792e-05  2.52252047e-05  3.98728130e-04 -3.70268588e-05  5.11874333e-08
 4.30000000e+00  1.00000000e+00  0.00000000e+00  1.40980437e-03  1.71637233e-04  1.41115610e-06  3.83100329e-05  1.25579143e-04  1.34607314e-03  1.30204582e-04 -1.04322613e-04  9.06997568e-04  3.72026930e-04  2.90481974e-05
 4.30000000e+00  1.00000000e+00  1.00000000e+00 -1.00862081e-03 -6.10227591e-05  1.86234400e-05 -1.08751136e-06 -7.76290500e-06 -7.54746694e-04 -1.66090972e-05  1.98350249e-05  3.17284372e-04 -2.87270527e-05  3.78169689e-08
 4.40000000e+00  1.00000000e+00  0.00000000e+00  1.20480863e-03  1.49090599e-04  2.40910228e-06  3.17054315e-05  1.03791403e-04  1.13550400e-03  1.11711486e-04 -8.71715268e-05  7.53828055e-04  3.11599141e-04  2.41976160e-05
 4.40000000e+00  1.00000000e+00  1.00000000e+00 -8.44169130e-04 -5.16425519e-05  1.48954052e-05 -8.35001370e-07 -6.15046490e-06 -6.19090643e-04 -1.41127675e-05  1.56932250e-05  2.53975332e-04 -2.24124203e-05  2.81101353e-08
 4.50000000e+00  1.00000000e+00  0.00000000e+00  1.03455486e-03  1.29962568e-04  3.00491609e-06  2.63579837e-05  8.61873057e-05  9.62272449e-04  9.61428050e-05 -7.31198890e-05  6.29298031e-04  2.61947064e-04  2.02385738e-05
 4.50000000e+00  1.00000000e+00  1.00000000e+00 -7.10019095e-04 -4.38979762e-05  1.19824854e-05 -6.45307757e-07 -4.89987532e-06 -5.10440775e-04 -1.20268017e-05  1.24894020e-05  2.04441881e-04 -1.75796317e-05  2.10201705e-08
