   0.000000000000000E+00                     NaN   0.000000000000000E+00   1.504416171196789E-01                     NaN                     NaN   5.000000000000000E+01   1.000000000000000E+00   0.000000000000000E+00                     NaN
   5.000000000000000E-04                     NaN   0.000000000000000E+00   1.504416171197757E-01                     NaN                     NaN   5.000000000000000E+01   1.000000000000000E+00   0.000000000000000E+00                     NaN
   1.000000000000000E-03                     NaN   0.000000000000000E+00   1.504416171234125E-01                     NaN                     NaN   5.000000000000000E+01   1.000000000000000E+00   0.000000000000000E+00                     NaN
   1.500000000000000E-03                     NaN   0.000000000000000E+00   1.504416171507221E-01                     NaN                     NaN   5.000000000000000E+01   1.000000000000000E+00   0.000000000000000E+00                     NaN
   2.000000000000001E-03                     NaN   0.000000000000000E+00   1.504416172570296E-01                     NaN                     NaN   5.000000000000000E+01   1.000000000000000E+00   0.000000000000000E+00                     NaN
   2.500000000000003E-03                     NaN   0.000000000000000E+00   1.504416175365176E-01                     NaN                     NaN   5.000000000000000E+01   1.000000000000000E+00   0.000000000000000E+00                     NaN
   3.000000000000004E-03                     NaN   0.000000000000000E+00   1.504416181638517E-01                     NaN                     NaN   5.000000000000000E+01   1.000000000000000E+00   0.000000000000000E+00                     NaN
   3.500000000000002E-03                     NaN   0.000000000000000E+00   1.504416193829583E-01                     NaN                     NaN   5.000000000000000E+01   1.000000000000000E+00   0.000000000000000E+00                     NaN
   4.000000000000001E-03                     NaN   0.000000000000000E+00   1.504416215161095E-01                     NaN                     NaN   5.000000000000000E+01   1.000000000000000E+00   0.000000000000000E+00                     NaN
   4.499999999999999E-03                     NaN   0.000000000000000E+00   1.504416249759273E-01                     NaN                     NaN   5.000000000000000E+01   1.000000000000000E+00   0.000000000000000E+00                     NaN
   4.999999999999998E-03                     NaN   0.000000000000000E+00   1.504416302548961E-01                     NaN                     NaN   5.000000000000000E+01   1.000000000000000E+00   0.000000000000000E+00                     NaN
   5.499999999999995E-03                     NaN   0.000000000000000E+00   1.504416378966159E-01                     NaN                     NaN   5.000000000000000E+01   1.000000000000000E+00   0.000000000000000E+00                     NaN
   5.999999999999994E-03                     NaN   0.000000000000000E+00   1.504416484760314E-01                     NaN                     NaN   5.000000000000000E+01   1.000000000000000E+00   0.000000000000000E+00                     NaN
   6.499999999999992E-03                     NaN   0.000000000000000E+00   1.504416626048762E-01                     NaN                     NaN   5.000000000000000E+01   1.000000000000000E+00   0.000000000000000E+00                     NaN
   6.999999999999991E-03                     NaN   0.000000000000000E+00   1.504416809158251E-01                     NaN                     NaN   5.000000000000000E+01   1.000000000000000E+00   0.000000000000000E+00                     NaN
   7.499999999999988E-03                     NaN   0.000000000000000E+00   1.504417040544489E-01                     NaN                     NaN   5.000000000000000E+01   1.000000000000000E+00   0.000000000000000E+00                     NaN
   7.999999999999986E-03                     NaN   0.000000000000000E+00   1.504417326739965E-01                     NaN                     NaN   5.000000000000000E+01   1.000000000000000E+00   0.000000000000000E+00                     NaN
   8.499999999999985E-03                     NaN   0.000000000000000E+00   1.504417674067841E-01                     NaN                     NaN   5.000000000000000E+01   1.000000000000000E+00   0.000000000000000E+00                     NaN
   8.999999999999984E-03                     NaN   0.000000000000000E+00   1.504418088379156E-01                     NaN                     NaN   5.000000000000000E+01   1.000000000000000E+00   0.000000000000000E+00                     NaN
   9.499999999999981E-03                     NaN   0.000000000000000E+00   1.504418575216056E-01                     NaN                     NaN   5.000000000000000E+01   1.000000000000000E+00   0.000000000000000E+00                     NaN
   9.999999999999979E-03                     NaN   0.000000000000000E+00   1.504419139740234E-01                     NaN                     NaN   5.000000000000000E+01   1.000000000000000E+00   0.000000000000000E+00                     NaN
   1.049999999999998E-02                     NaN   0.000000000000000E+00   1.504419787314882E-01                     NaN                     NaN   5.000000000000000E+01   1.000000000000000E+00   0.000000000000000E+00                     NaN
   1.099999999999998E-02                     NaN   0.000000000000000E+00   1.504420523075828E-01                     NaN                     NaN   5.000000000000000E+01   1.000000000000000E+00   0.000000000000000E+00                     NaN
   1.149999999999997E-02                     NaN   0.000000000000000E+00   1.504421351105439E-01                     NaN                     NaN   5.000000000000000E+01   1.000000000000000E+00   0.000000000000000E+00                     NaN
   1.199999999999997E-02                     NaN   0.000000000000000E+00   1.504422275592282E-01                     NaN                     NaN   5.000000000000000E+01   1.000000000000000E+00   0.000000000000000E+00                     NaN
   1.249999999999997E-02                     NaN   0.000000000000000E+00   1.504423299666039E-01                     NaN                     NaN   5.000000000000000E+01   1.000000000000000E+00   0.000000000000000E+00                     NaN
   1.299999999999997E-02                     NaN   0.000000000000000E+00   1.504424427561822E-01                     NaN                     NaN   5.000000000000000E+01   1.000000000000000E+00   0.000000000000000E+00                     NaN
   1.349999999999997E-02                     NaN   0.000000000000000E+00   1.504425661749199E-01                     NaN                     NaN   5.000000000000000E+01   1.000000000000000E+00   0.000000000000000E+00                     NaN
   1.399999999999997E-02                     NaN   0.000000000000000E+00   1.504427004468209E-01                     NaN                     NaN   5.000000000000000E+01   1.000000000000000E+00   0.000000000000000E+00                     NaN
   1.449999999999997E-02                     NaN   0.000000000000000E+00   1.504428458463478E-01                     NaN                     NaN   5.000000000000000E+01   1.000000000000000E+00   0.000000000000000E+00                     NaN
   1.499999999999996E-02                     NaN   0.000000000000000E+00   1.504430026167354E-01                     NaN                     NaN   5.000000000000000E+01   1.000000000000000E+00   0.000000000000000E+00                     NaN
   1.549999999999996E-02                     NaN   0.000000000000000E+00   1.504431708937950E-01                     NaN                     NaN   5.000000000000000E+01   1.000000000000000E+00   0.000000000000000E+00                     NaN
   1.599999999999996E-02                     NaN   0.000000000000000E+00   1.504433509338925E-01                     NaN                     NaN   5.000000000000000E+01   1.000000000000000E+00   0.000000000000000E+00                     NaN
   1.649999999999996E-02                     NaN   0.000000000000000E+00   1.504435428197536E-01                     NaN                     NaN   5.000000000000000E+01   1.000000000000000E+00   0.000000000000000E+00                     NaN
   1.699999999999996E-02                     NaN   0.000000000000000E+00   1.504437466757032E-01                     NaN                     NaN   5.000000000000000E+01   1.000000000000000E+00   0.000000000000000E+00                     NaN
   1.749999999999995E-02                     NaN   0.000000000000000E+00   1.504439628518039E-01                     NaN                     NaN   5.000000000000000E+01   1.000000000000000E+00   0.000000000000000E+00                     NaN
   1.799999999999995E-02                     NaN   0.000000000000000E+00   1.504441912824381E-01                     NaN                     NaN   5.000000000000000E+01   1.000000000000000E+00   0.000000000000000E+00                     NaN
   1.849999999999995E-02                     NaN   0.000000000000000E+00   1.504444320245755E-01                     NaN                     NaN   5.000000000000000E+01   1.000000000000000E+00   0.000000000000000E+00                     NaN
   1.899999999999995E-02                     NaN   0.000000000000000E+00   1.504446852199700E-01                     NaN                     NaN   5.000000000000000E+01   1.000000000000000E+00   0.000000000000000E+00                     NaN
   1.949999999999995E-02                     NaN   0.000000000000000E+00   1.504449509264258E-01                     NaN                     NaN   5.000000000000000E+01   1.000000000000000E+00   0.000000000000000E+00                     NaN
   1.999999999999994E-02                     NaN   0.000000000000000E+00   1.504452293754082E-01                     NaN                     NaN   5.000000000000000E+01   1.000000000000000E+00   0.000000000000000E+00                     NaN
   2.049999999999995E-02                     NaN   0.000000000000000E+00   1.504455204861711E-01                     NaN                     NaN   5.000000000000000E+01   1.000000000000000E+00   0.000000000000000E+00                     NaN
   2.099999999999994E-02                     NaN   0.000000000000000E+00   1.504458241292337E-01                     NaN                     NaN   5.000000000000000E+01   1.000000000000000E+00   0.000000000000000E+00                     NaN
   2.149999999999994E-02                     NaN   0.000000000000000E+00   1.504461404403248E-01                     NaN                     NaN   5.000000000000000E+01   1.000000000000000E+00   0.000000000000000E+00                     NaN
   2.199999999999994E-02                     NaN   0.000000000000000E+00   1.504464694987322E-01                     NaN                     NaN   5.000000000000000E+01   1.000000000000000E+00   0.000000000000000E+00                     NaN
   2.249999999999994E-02                     NaN   0.000000000000000E+00   1.504468111810239E-01                     NaN                     NaN   5.000000000000000E+01   1.000000000000000E+00   0.000000000000000E+00                     NaN
   2.299999999999994E-02                     NaN   0.000000000000000E+00   1.504471656043346E-01                     NaN                     NaN   5.000000000000000E+01   1.000000000000000E+00   0.000000000000000E+00                     NaN
   2.349999999999993E-02                     NaN   0.000000000000000E+00   1.504475326568057E-01                     NaN                     NaN   5.000000000000000E+01   1.000000000000000E+00   0.000000000000000E+00                     NaN
   2.399999999999993E-02                     NaN   0.000000000000000E+00   1.504479123675713E-01                     NaN                     NaN   5.000000000000000E+01   1.000000000000000E+00   0.000000000000000E+00                     NaN
   2.449999999999996E-02                     NaN   0.000000000000000E+00   1.504483046149154E-01                     NaN                     NaN   5.000000000000000E+01   1.000000000000000E+00   0.000000000000000E+00                     NaN
   2.499999999999998E-02                     NaN   0.000000000000000E+00   1.504487096031569E-01                     NaN                     NaN   5.000000000000000E+01   1.000000000000000E+00   0.000000000000000E+00                     NaN
   2.550000000000001E-02                     NaN   0.000000000000000E+00   1.504491271398283E-01                     NaN                     NaN   5.000000000000000E+01   1.000000000000000E+00   0.000000000000000E+00                     NaN
   2.600000000000003E-02                     NaN   0.000000000000000E+00   1.504495572426327E-01                     NaN                     NaN   5.000000000000000E+01   1.000000000000000E+00   0.000000000000000E+00                     NaN
   2.650000000000006E-02                     NaN   0.000000000000000E+00   1.504499999958394E-01                     NaN                     NaN   5.000000000000000E+01   1.000000000000000E+00   0.000000000000000E+00                     NaN
   2.700000000000008E-02                     NaN   0.000000000000000E+00   1.504504554815029E-01                     NaN                     NaN   5.000000000000000E+01   1.000000000000000E+00   0.000000000000000E+00                     NaN
   2.750000000000011E-02                     NaN   0.000000000000000E+00   1.504509233548964E-01                     NaN                     NaN   5.000000000000000E+01   1.000000000000000E+00   0.000000000000000E+00                     NaN
   2.800000000000013E-02                     NaN   0.000000000000000E+00   1.504514036622424E-01                     NaN                     NaN   5.000000000000000E+01   1.000000000000000E+00   0.000000000000000E+00                     NaN
   2.850000000000016E-02                     NaN   0.000000000000000E+00   1.504518967012635E-01                     NaN                     NaN   5.000000000000000E+01   1.000000000000000E+00   0.000000000000000E+00                     NaN
   2.900000000000018E-02                     NaN   0.000000000000000E+00   1.504524022247722E-01                     NaN                     NaN   5.000000000000000E+01   1.000000000000000E+00   0.000000000000000E+00                     NaN
   2.950000000000021E-02                     NaN   0.000000000000000E+00   1.504529202668136E-01                     NaN                     NaN   5.000000000000000E+01   1.000000000000000E+00   0.000000000000000E+00                     NaN
   3.000000000000023E-02                     NaN   0.000000000000000E+00   1.504534508065862E-01                     NaN                     NaN   5.000000000000000E+01   1.000000000000000E+00   0.000000000000000E+00                     NaN
   3.050000000000026E-02                     NaN   0.000000000000000E+00   1.504539938538870E-01                     NaN                     NaN   5.000000000000000E+01   1.000000000000000E+00   0.000000000000000E+00                     NaN
   3.100000000000028E-02                     NaN   0.000000000000000E+00   1.504545492285377E-01                     NaN                     NaN   5.000000000000000E+01   1.000000000000000E+00   0.000000000000000E+00                     NaN
   3.150000000000031E-02                     NaN   0.000000000000000E+00   1.504551171892331E-01                     NaN                     NaN   5.000000000000000E+01   1.000000000000000E+00   0.000000000000000E+00                     NaN
   3.200000000000033E-02                     NaN   0.000000000000000E+00   1.504556975219137E-01                     NaN                     NaN   5.000000000000000E+01   1.000000000000000E+00   0.000000000000000E+00                     NaN
   3.250000000000035E-02                     NaN   0.000000000000000E+00   1.504562902429533E-01                     NaN                     NaN   5.000000000000000E+01   1.000000000000000E+00   0.000000000000000E+00                     NaN
   3.300000000000038E-02                     NaN   0.000000000000000E+00   1.504568952502394E-01                     NaN                     NaN   5.000000000000000E+01   1.000000000000000E+00   0.000000000000000E+00                     NaN
   3.350000000000040E-02                     NaN   0.000000000000000E+00   1.504575126814918E-01                     NaN                     NaN   5.000000000000000E+01   1.000000000000000E+00   0.000000000000000E+00                     NaN
